,3.549,31.159,DrkN,,30.0,,,,,,,
,0.010,1.166,DrkN,,20.0,,,,,,,
,0.108,-0.350,DrkN,,20.0,,,,,,,
,0.067,-0.176,DrkN,,,,,,,,,
,0.064,1.090,DrkN,,60.0,,,,,,,
,0.142,23.231,DrkN,,,,,,,,,
,0.350,-27.558,DrkN,,,,,,,,,
,0.007,26.685,DrkN,,,,,,,,,
,0.019,-0.186,DrkN,,,,,,,,,
,-0.005,-26.786,DrkN,,8.0,,,,,,,
,0.133,26.765,DrkN,,,,,,,,,
,0.052,-0.793,DrkN,,24.0,,,,,,,
,0.026,0.646,DrkN,,11.0,,,,,,,
,0.144,-29.144,DrkN,,3.0,,,,,,,
,-0.134,20.875,DrkN,,13.0,,,,,,,
,0.009,-0.018,DrkN,,,,,,,,,
,0.001,-0.084,DrkN,,,,,,,,,
,-0.022,-22.165,DrkN,,60.0,,,Kutner's Cloud,,,,
,0.041,1.910,DrkN,,60.0,,,,,,,
,0.057,24.710,DrkN,,60.0,,,,,,,
,0.015,4.381,DrkN,,10.0,,,,,,,
,0.011,-29.305,DrkN,,120.0,,,,,,,
,0.032,3.828,DrkN,,5.0,,,,,,,
,0.039,-0.140,DrkN,,8.0,,,,,,,
,0.153,16.275,DrkN,,8.0,,,,,,,
,0.043,-15.392,DrkN,,5.0,,,,,,,
,0.008,-0.068,DrkN,,5.0,,,,,,,
,0.012,0.081,DrkN,,4.0,,,,,,,
,0.175,0.953,DrkN,,10.0,,,,,,,
,0.399,-18.823,DrkN,,67.0,,,,,,,
,0.029,-0.005,DrkN,,30.0,,,,,,,
,0.002,-0.334,DrkN,,,,,,,,,
,0.145,-14.894,DrkN,,4.0,,,Horsehead Nebula,,,,
,0.044,35.112,DrkN,,20.0,,,,,,,
,0.034,-23.592,DrkN,,15.0,,,,,,,
,0.070,-1.629,DrkN,,120.0,,,,,,,
,0.720,3.052,DrkN,,175.0,,,,,,,
,0.013,0.598,DrkN,,60.0,,,,,,,
,0.072,-0.746,DrkN,,,,,,,,,
,9.610,-29.298,DrkN,,15.0,,,,,,,
,0.128,-0.662,DrkN,,45.0,,,,,,,
,0.053,-3.808,DrkN,,,,,,,,,
,0.080,3.663,DrkN,,,,,,,,,
,0.171,-4.305,DrkN,,,,,,,,,
,0.098,2.484,DrkN,,120.0,,,,,,,
,0.180,-1.136,DrkN,,,,,,,,,
,0.041,0.091,DrkN,,15.0,,,,,,,
,0.033,-18.046,DrkN,,40.0,,,,,,,
,0.016,7.420,DrkN,,,,,,,,,
,0.004,-1.116,DrkN,,15.0,,,,,,,
,0.031,12.123,DrkN,,20.0,,,,,,,
1,0.024,-11.330,DrkN,,60.0,,,,,,,
,0.006,-0.665,DrkN,,5.0,,,,,,,
,0.017,2.253,DrkN,,16.0,,,,,,,
,0.021,-0.097,DrkN,,3.0,,,,,,,
,-0.007,9.267,DrkN,,5.0,,,,,,,
,0.047,-17.577,DrkN,,30.0,,,,,,,
,0.003,12.919,DrkN,,60.0,,,,,,,
,0.008,5.051,DrkN,,13.0,,,,,,,
,0.052,1.960,DrkN,,,,,,,,,
,0.020,-0.397,DrkN,,19.0,,,,,,,
,0.005,-0.599,DrkN,,60.0,,,,,,,
,0.014,2.986,DrkN,,,,,,,,,
,0.038,-8.210,DrkN,,12.0,,,,,,,
,0.006,-0.199,DrkN,,8.0,,,,,,,
,0.016,0.036,DrkN,,,,,,,,,
,0.028,3.072,DrkN,,4.0,,,,,,,
,0.005,-0.133,DrkN,,,,,,,,,
,0.010,-0.114,DrkN,,4.0,,,,,,,
,-0.008,0.031,DrkN,,1.0,,,,,,,
,0.009,0.385,DrkN,,,,,Snake DCld,,,,
,0.009,-0.665,DrkN,,1.0,,,,,,,
,0.017,0.087,DrkN,,,,,,,,,
,0.003,2.167,DrkN,,,,,,,,,
,0.005,-2.382,DrkN,,,,,,,,,
,0.050,0.558,DrkN,,60.0,,,,,,,
,0.068,-1.737,DrkN,,180.0,,,,,,,
,0.078,5.981,DrkN,,30.0,,,,,,,
,0.006,-1.666,DrkN,,2.0,,,,,,,
,0.013,-2.648,DrkN,,,,,,,,,
,0.002,0.151,DrkN,,,,,,,,,
,0.006,-0.399,DrkN,,7.0,,,,,,,
,0.124,3.923,DrkN,,,,,,,,,
,0.266,-2.769,DrkN,,,,,,,,,
,0.010,-4.848,DrkN,,5.0,,,,,,,
,0.020,-4.631,DrkN,,,,,Parrot's Head,,,,
,0.006,8.386,DrkN,,2.0,,,,,,,
,0.007,-0.249,DrkN,,0.5,,,,,,,
,0.088,-3.918,DrkN,,3.0,,,,,,,
,-0.002,4.583,DrkN,,5.0,,,,,,,
,0.091,5.467,DrkN,,12.0,,,,,,,
,0.022,0.171,DrkN,,2.0,,,,,,,
,0.150,7.395,DrkN,,15.0,,,,,,,
,-0.005,-1.085,DrkN,,30.0,,,,,,,
,0.013,1.453,DrkN,,,,,,,,,
,0.045,0.375,DrkN,,60.0,,,,,,,
,0.070,-16.139,DrkN,,3.0,,,,,,,
,-0.000,4.584,DrkN,,7.0,,,,,,,
,-0.010,12.332,DrkN,,16.0,,,,,,,
,-0.001,0.334,DrkN,,8.0,,,,,,,
,0.084,-4.936,DrkN,,5.0,,,,,,,
,0.029,7.073,DrkN,,4.0,,,,,,,
,0.132,2.140,DrkN,,16.0,,,,,,,
,0.007,-2.382,DrkN,,0.5,,,,,,,
,0.018,1.837,DrkN,,2.0,,,,,,,
,0.011,0.068,DrkN,,5.0,,,,,,,
,0.001,-1.300,DrkN,,3.0,,,,,,,
,0.001,-1.250,DrkN,,0.7,,,,,,,
,0.009,2.769,DrkN,,11.0,,,,,,,
,0.008,-0.165,DrkN,,120.0,,,,,,,
,0.008,-1.716,DrkN,,18.0,,,,,,,
,0.005,2.351,DrkN,,16.0,,,,,,,
,0.029,-2.628,DrkN,,6.0,,,,,,,
,0.003,0.284,DrkN,,6.0,,,,,,,
,0.003,-0.516,DrkN,,,,,,,,,
,0.003,-0.233,DrkN,,1.0,,,,,,,
,0.004,-0.033,DrkN,,2.0,,,,,,,
,0.011,2.902,DrkN,,,,,,,,,
,0.005,-0.049,DrkN,,,,,,,,,
,0.009,-0.015,DrkN,,,,,,,,,
,0.023,-0.146,DrkN,,4.0,,,,,,,
,0.014,0.036,DrkN,,1.5,,,,,,,
,0.001,0.367,DrkN,,3.0,,,,,,,
,0.011,-0.031,DrkN,,9.0,,,,,,,
,0.011,-0.148,DrkN,,8.0,,,,,,,
,0.042,-0.910,DrkN,,4.5,,,,,,,
,0.002,0.867,DrkN,,10.0,,,,,,,
,0.007,-0.732,DrkN,,5.0,,,,,,,
,-0.003,-0.267,DrkN,,7.0,,,,,,,
,0.006,1.201,DrkN,,3.0,,,,,,,
,0.036,-0.060,DrkN,,16.0,,,,,,,
,0.030,-2.462,DrkN,,,,,,,,,
,0.011,0.652,DrkN,,6.0,,,,,,,
,0.011,2.319,DrkN,,13.0,,,,,,,
,0.021,-0.080,DrkN,,8.0,,,,,,,
,0.120,2.671,DrkN,,,,,,,,,
,0.006,1.551,DrkN,,180.0,,,,,,,
,0.027,-1.628,DrkN,,,,,,,,,
,0.030,6.639,DrkN,,60.0,,,,,,,
,0.006,-3.333,DrkN,,20.0,,,,,,,
,0.325,8.622,DrkN,,40.0,,,,,,,
,0.029,0.488,DrkN,,30.0,,,,,,,
,0.288,24.332,DrkN,,270.0,,,,,,,
,0.069,2.345,DrkN,,45.0,,,,,,,
,0.011,-1.665,DrkN,,,,,,,,,
,0.056,-0.642,DrkN,,11.0,,,,,,,
,0.681,24.252,DrkN,,3.0,,,,,,,
,0.022,-0.097,DrkN,,2.0,,,,,,,
,0.027,0.771,DrkN,,60.0,,,,,,,
,0.293,-3.980,DrkN,,60.0,,,,,,,
,0.105,5.414,DrkN,,9.0,,,,,,,
,0.109,-5.288,DrkN,,60.0,,,,,,,
,0.005,0.167,DrkN,,8.0,,,,,,,
,0.180,-11.647,DrkN,,13.0,,,,,,,
,0.030,0.620,DrkN,,8.0,,,,,,,
,-0.004,9.084,DrkN,,5.0,,,,,,,
,0.058,-11.261,DrkN,,3.0,,,,,,,
,0.020,-0.181,DrkN,,25.0,,,,,,,
,-0.007,13.000,DrkN,,31.0,,,,,,,
,0.040,1.587,DrkN,,3.0,,,,,,,
,0.013,-1.498,DrkN,,13.0,,,,,,,
,0.017,0.385,DrkN,,,,,,,,,
,0.073,-5.610,DrkN,,20.0,,,,,,,
,0.040,9.121,DrkN,,18.0,,,,,,,
,0.035,-0.129,DrkN,,5.0,,,,,,,
,0.015,-0.016,DrkN,,5.0,,,,,,,
,0.023,-12.798,DrkN,,10.0,,,,,,,
,0.092,11.492,DrkN,,60.0,,,,,,,
,-0.014,0.199,DrkN,,15.0,,,,,,,
,0.055,-0.095,DrkN,,91.0,,,,,,,
1,0.103,0.809,DrkN,,4.0,,,,,,,
,-0.003,-0.600,DrkN,,19.0,,,,,,,
,0.112,10.860,DrkN,,60.0,,,,,,,
25,-20.017,-12.848,DrkN,,10.0,,,,,,,
,1.210,-26.813,DrkN,,22.0,,,,,,,
,0.004,0.500,DrkN,,,,,,,,,
,0.044,-0.590,DrkN,,14.0,,,,,,,
,0.001,0.917,DrkN,,15.0,,,,,,,
,0.010,-0.918,DrkN,,5.0,,,,,,,
,0.591,-3.839,DrkN,,,,,,,,,
,0.115,-1.185,DrkN,,,,,,,,,
,0.014,3.164,DrkN,,,,,,,,,
,0.053,-3.259,DrkN,,,,,,,,,
,0.028,2.746,DrkN,,,,,,,,,
,0.034,-2.505,DrkN,,,,,,,,,
,0.032,1.744,DrkN,,,,,,,,,
,0.012,1.498,DrkN,,5.0,,,,,,,
,0.028,-3.504,DrkN,,,,,,,,,
,0.007,1.582,DrkN,,,,,,,,,
,0.061,-0.510,DrkN,,,,,,,,,
,0.008,0.165,DrkN,,15.0,,,Northern Streamer,,,,
,0.112,3.315,DrkN,,120.0,,,,,,,
,0.111,-3.602,DrkN,,7.0,,,,,,,
,0.042,5.743,DrkN,,45.0,,,,,,,
,0.406,0.429,DrkN,,10.0,,,,,,,
,0.218,-23.840,DrkN,,8.0,,,,,,,
,0.041,2.292,DrkN,,20.0,,,,,,,
,0.084,0.985,DrkN,,,,,,,,,
,0.127,22.096,DrkN,,17.0,,,,,,,
,0.513,-14.045,DrkN,,12.0,,,,,,,
,9.626,-54.168,DrkN,,240.0,,,,,,,
,0.546,7.202,DrkN,,45.0,,,,,,,
,0.158,10.527,DrkN,,60.0,,,,,,,
,0.187,-18.637,DrkN,,30.0,,,,,,,
,0.089,-4.402,DrkN,,10.0,,,,,,,
,0.017,4.420,DrkN,,37.0,,,,,,,
,0.028,4.922,DrkN,,18.0,,,,,,,
,0.011,-14.000,DrkN,,7.0,,,,,,,
,0.030,14.674,DrkN,,,,,,,,,
,0.000,-0.167,DrkN,,37.0,,,,,,,
,0.058,6.844,DrkN,,13.0,,,,,,,
,0.044,-7.993,DrkN,,15.0,,,,,,,
,0.071,-4.238,DrkN,,20.0,,,,,,,
,0.003,5.168,DrkN,,12.0,,,,,,,
,0.094,-2.234,DrkN,,19.0,,,,,,,
,0.078,2.847,DrkN,,25.0,,,,,,,
,0.018,1.170,DrkN,,25.0,,,,,,,
,0.018,-0.997,DrkN,,8.0,,,,,,,
,0.002,6.751,DrkN,,15.0,,,,,,,
,0.018,-7.597,DrkN,,4.0,,,,,,,
,-0.001,1.266,DrkN,,10.0,,,,,,,
,0.000,-0.166,DrkN,,13.0,,,,,,,
,-0.001,0.750,DrkN,,15.0,,,,,,,
,0.013,8.253,DrkN,,13.0,,,,,,,
,0.025,-11.997,DrkN,,20.0,,,,,,,
,0.004,9.585,DrkN,,60.0,,,,,,,
,0.082,-7.569,DrkN,,40.0,,,,,,,
,0.002,6.667,DrkN,,5.0,,,,,,,
,0.027,-5.362,DrkN,,50.0,,,,,,,
,0.010,-6.799,DrkN,,15.0,,,,,,,
,0.003,0.901,DrkN,,40.0,,,,,,,
,-0.016,15.431,DrkN,,30.0,,,,,,,
,0.047,-6.325,DrkN,,10.0,,,,,,,
,0.004,2.584,DrkN,,10.0,,,,,,,
,0.008,0.418,DrkN,,30.0,,,,,,,
,0.023,-20.164,DrkN,,30.0,,,,,,,
,0.005,17.252,DrkN,,10.0,,,,,,,
,0.006,0.335,DrkN,,12.0,,,,,,,
,0.009,4.252,DrkN,,30.0,,,,,,,
,0.006,-4.283,DrkN,,4.0,,,,,,,
,0.049,4.710,DrkN,,75.0,,,,,,,
,0.013,-2.248,DrkN,,60.0,,,,,,,
,0.008,3.168,DrkN,,11.0,,,,,,,
,0.026,-14.663,DrkN,,120.0,,,,,,,
,0.056,10.844,DrkN,,45.0,,,,,,,
,0.014,-9.931,DrkN,,15.0,,,,,,,
,-0.007,10.616,DrkN,,18.0,,,,,,,
,0.016,-9.598,DrkN,,13.0,,,,,,,
,0.011,12.503,DrkN,,45.0,,,,,,,
,0.018,-3.247,DrkN,,18.0,,,,,,,
,0.032,-9.245,DrkN,,15.0,,,,,,,
,0.032,9.757,DrkN,,60.0,,,,,,,
,0.006,1.834,DrkN,,60.0,,,,,,,
,0.031,-2.994,DrkN,,,,,,,,,
,0.030,0.255,DrkN,,18.0,,,,,,,
,0.044,-10.409,DrkN,,75.0,,,,,,,
,-0.019,19.498,DrkN,,25.0,,,,,,,
,0.024,1.504,DrkN,,15.0,,,,,,,
,0.025,-22.747,DrkN,,15.0,,,,,,,
,0.023,0.421,DrkN,,30.0,,,,,,,
,0.045,-1.892,DrkN,,2.0,,,,,,,
,-0.008,8.066,DrkN,,25.0,,,,,,,
,0.045,-8.126,DrkN,,3.0,,,,,,,
,0.006,3.251,DrkN,,5.0,,,,,,,
,0.014,0.553,DrkN,,60.0,,,,,,,
,0.011,-1.998,DrkN,,18.0,,,,,,,
,0.005,6.734,DrkN,,3.0,,,,,,,
,0.043,-2.559,DrkN,,50.0,,,,,,,
,-0.000,6.634,DrkN,,4.0,,,,,,,
,0.004,5.785,DrkN,,75.0,,,,,,,
,0.014,-11.348,DrkN,,4.0,,,,,,,
,0.020,2.803,DrkN,,,,,,,,,
,0.011,-5.365,DrkN,,,,,,,,,
,0.030,13.957,DrkN,,30.0,,,,,,,
,0.007,-5.266,DrkN,,30.0,,,,,,,
,0.004,-0.033,DrkN,,1.0,,,,,,,
,0.064,5.279,DrkN,,,,,,,,,
,0.022,-13.080,DrkN,,13.0,,,,,,,
,0.018,6.087,DrkN,,4.0,,,,,,,
,0.049,7.759,DrkN,,6.0,,,,,,,
,0.008,-4.282,DrkN,,6.0,,,,,,,
,0.067,-1.788,DrkN,,5.0,,,,,,,
,0.118,5.439,DrkN,,2.0,,,,,,,
,0.004,0.917,DrkN,,6.0,,,,,,,
,0.028,2.089,DrkN,,75.0,,,,,,,
,0.063,-0.105,DrkN,,15.0,,,,,,,
,0.019,5.970,DrkN,,35.0,,,,,,,
,0.087,-10.318,DrkN,,5.0,,,,,,,
,-0.008,17.900,DrkN,,6.0,,,,,,,
,0.066,-12.073,DrkN,,20.0,,,,,,,
,0.066,7.812,DrkN,,60.0,,,,,,,
,0.037,5.124,DrkN,,7.0,,,,,,,
,0.014,-4.581,DrkN,,15.0,,,,,,,
,0.021,-5.447,DrkN,,13.0,,,,,,,
,0.029,6.839,DrkN,,2.0,,,,,,,
,0.029,1.039,DrkN,,17.0,,,,,,,
,0.031,0.422,DrkN,,30.0,,,,,,,
,0.008,-1.065,DrkN,,15.0,,,,,,,
,0.059,3.677,DrkN,,20.0,,,,,,,
,0.017,-4.747,DrkN,,25.0,,,,,,,
,0.006,0.884,DrkN,,4.0,,,,,,,
,0.037,7.440,DrkN,,6.0,,,,,,,
,0.209,4.370,DrkN,,30.0,,,,,,,
,0.108,0.019,DrkN,,40.0,,,,,,,
,0.033,1.172,DrkN,,,,,,,,,
,0.015,1.920,DrkN,,60.0,,,,,,,
,0.103,1.650,DrkN,,3.0,,,,,,,
,0.030,-4.712,DrkN,,6.0,,,,,,,
,-0.004,4.733,DrkN,,2.0,,,,,,,
,0.006,0.051,DrkN,,3.0,,,,,,,
,0.100,-4.933,DrkN,,8.0,,,,,,,
,0.017,0.836,DrkN,,60.0,,,,,,,
,0.078,3.113,DrkN,,7.0,,,,,,,
,0.022,22.872,DrkN,,30.0,,,,,,,
,0.325,6.918,DrkN,,4.0,,,,,,,
,0.065,-0.923,DrkN,,13.0,,,,,,,
,0.046,-0.060,DrkN,,7.0,,,,,,,
,0.080,6.346,DrkN,,15.0,,,,,,,
,0.096,-2.819,DrkN,,10.0,,,,,,,
,0.028,-3.830,DrkN,,1.0,,,,,,,
,0.100,2.182,DrkN,,60.0,,,,,,,
,0.216,1.863,DrkN,,6.0,,,,,,,
,0.029,1.921,DrkN,,3.0,,,,,,,
,0.055,1.524,DrkN,,20.0,,,,,,,
,0.079,-1.506,DrkN,,22.0,,,,,,,
,0.003,-0.416,DrkN,,9.0,,,,,,,
,0.014,12.669,DrkN,,60.0,,,,,,,
,0.024,-14.965,DrkN,,5.0,,,,,,,
,0.006,3.501,DrkN,,24.0,,,,,,,
,-0.002,8.884,DrkN,,30.0,,,,,,,
,0.097,-12.288,DrkN,,20.0,,,,,,,
,0.018,13.886,DrkN,,20.0,,,,,,,
,0.018,-0.664,DrkN,,54.0,,,,,,,
,0.082,-9.074,DrkN,,20.0,,,,,,,
,0.186,2.772,DrkN,,15.0,,,,,,,
,0.016,-1.265,DrkN,,40.0,,,,,,,
,0.153,5.618,DrkN,,75.0,,,,,,,
,0.014,2.168,DrkN,,22.0,,,,,,,
,0.091,2.843,DrkN,,10.0,,,,,,,
,0.067,-2.393,DrkN,,5.0,,,,,,,
,0.109,1.811,DrkN,,14.0,,,,,,,
,0.416,-2.963,DrkN,,5.0,,,,,,,
,0.316,0.624,DrkN,,,,,,,,,