,16.481,-16.109,DrkN,,15.7,,,,
,1.640,-15.384,DrkN,,75.4,,,,
,-0.067,0.495,DrkN,,160.2,,,,
,-1.012,8.794,DrkN,,4.3,,,,
,0.229,-2.217,DrkN,,7.4,,,,
,-0.121,1.191,DrkN,,15.4,,,,
,0.327,-3.060,DrkN,,12.8,,,,
,-0.703,7.034,DrkN,,19.6,,,,
,0.393,-3.973,DrkN,,17.9,,,,
,0.796,-6.876,DrkN,,3.7,,,,
,-0.828,7.207,DrkN,,7.4,,,,
,0.835,-7.223,DrkN,,3.7,,,,
,-0.903,7.952,DrkN,,7.4,,,,
,0.351,-3.375,DrkN,,9.6,,,,
,-0.345,3.375,DrkN,,14.0,,,,
,0.194,-1.886,DrkN,,23.5,,,,
,-0.133,1.324,DrkN,,43.0,,,,
,0.016,-0.166,DrkN,,6.8,,,,
,0.335,-3.142,DrkN,,54.2,,,,
,-0.343,3.308,DrkN,,14.7,,,,
,0.343,-3.208,DrkN,,10.3,,,,
,-0.703,7.017,DrkN,,35.8,,,,
,0.505,-5.048,DrkN,,3.0,,,,
,0.005,-0.050,DrkN,,4.3,,,,
,0.250,-2.165,DrkN,,5.7,,,,
,0.545,-4.311,DrkN,,12.5,,,,
,-1.623,15.385,DrkN,,125.9,,,,
,0.854,-8.940,DrkN,,100.9,,,,
,0.796,-6.576,DrkN,,11.7,,,,
,-0.897,7.568,DrkN,,31.4,,,,
,-0.385,3.973,DrkN,,10.0,,,,
,0.352,-3.558,DrkN,,22.6,,,,
,-0.494,5.215,DrkN,,37.8,,,,
,1.113,-10.587,DrkN,,338.5,,,,
,0.138,-1.057,DrkN,,9.6,,,,
,-0.463,3.867,DrkN,,4.3,,,,
,-0.144,1.323,DrkN,,8.0,,,,
,-0.145,1.406,DrkN,,6.1,,,,
,0.005,-0.017,DrkN,,8.8,,,,
,0.759,-6.578,DrkN,,11.5,,,,
,0.134,-0.924,DrkN,,6.4,,,,
,-0.535,4.295,DrkN,,81.5,,,,
,-0.978,9.864,DrkN,,17.9,,,,
,0.760,-7.880,DrkN,,12.8,,,,
,0.184,-1.653,DrkN,,39.9,,,,
,-0.301,2.811,DrkN,,39.9,,,,
,-0.385,3.973,DrkN,,35.8,,,,
,1.138,-10.418,DrkN,,167.8,,,,
,0.067,-0.495,DrkN,,69.0,,,,
,-0.619,5.122,DrkN,,9.1,,,,
,-0.208,2.035,DrkN,,12.5,,,,
,0.326,-3.010,DrkN,,5.2,,,,
,-0.150,1.439,DrkN,,2.1,,,,
,0.007,-0.050,DrkN,,3.0,,,,
,-0.009,0.083,DrkN,,3.7,,,,
,-0.134,1.324,DrkN,,46.0,,,,
,0.127,-1.174,DrkN,,3.7,,,,
,0.131,-1.191,DrkN,,4.3,,,,
,-0.164,1.538,DrkN,,5.7,,,,
,-0.144,1.407,DrkN,,12.7,,,,
,0.323,-2.944,DrkN,,6.1,,,,
,-0.691,6.834,DrkN,,89.3,,,,
,-0.000,0.000,DrkN,,13.0,,,,
,0.836,-7.940,DrkN,,67.5,,,,
,-0.451,4.134,DrkN,,20.1,,,,
,0.184,-1.653,DrkN,,6.4,,,Snake DCld,
,-0.168,1.654,DrkN,,20.1,,,,
,0.885,-7.469,DrkN,,5.2,,,,
,-0.650,5.319,DrkN,,100.2,,,,
,-0.051,0.497,DrkN,,6.8,,,,
,-0.184,1.820,DrkN,,25.5,,,,
,0.101,-0.826,DrkN,,37.6,,,,
,0.184,-1.654,DrkN,,35.7,,,,
,0.117,-0.991,DrkN,,13.2,,,,
,0.501,-3.964,DrkN,,17.7,,,,
,-0.518,4.129,DrkN,,49.3,,,,
,-0.301,2.779,DrkN,,4.8,,,,
,0.702,-5.933,DrkN,,2.1,,,,
,-0.769,6.711,DrkN,,37.1,,,,
,0.401,-3.638,DrkN,,4.8,,,,
,-0.234,2.100,DrkN,,6.4,,,,
,0.351,-3.008,DrkN,,101.8,,,,
,-1.196,11.749,DrkN,,16.0,,,,
,1.029,-10.261,DrkN,,38.8,,,,
,-0.167,1.521,DrkN,,12.8,,,,
,-0.084,0.794,DrkN,,17.0,,,,
,-0.040,0.414,DrkN,,2.1,,,,
,0.032,-0.248,DrkN,,11.1,,,,
,-0.034,0.348,DrkN,,4.8,,,,
,0.352,-3.158,DrkN,,12.8,,,,
,-0.268,2.397,DrkN,,8.6,,,,
,-0.075,0.745,DrkN,,4.8,,,,
,0.729,-6.114,DrkN,,5.7,,,,
,-0.713,6.065,DrkN,,13.7,,,,
,0.000,0.083,DrkN,,6.8,,,,
,0.803,-6.641,DrkN,,11.7,,,,
,-0.013,0.149,DrkN,,7.1,,,,
,-1.526,14.224,DrkN,,7.1,,,,
,0.720,-7.433,DrkN,,20.3,,,,
,-0.051,0.497,DrkN,,18.5,,,,
,0.097,-0.910,DrkN,,3.0,,,,
,0.012,-0.083,DrkN,,12.7,,,,
,-0.017,0.166,DrkN,,6.4,,,,
,-0.092,0.910,DrkN,,9.3,,,,
,-0.659,6.854,DrkN,,2.1,,,,
,0.005,0.000,DrkN,,2.1,,,,
,0.822,-8.342,DrkN,,10.3,,,,
,0.735,-6.030,DrkN,,3.7,,,,
,-0.518,4.212,DrkN,,5.7,,,,
,-0.820,8.025,DrkN,,40.3,,,,
,0.422,-4.270,DrkN,,5.7,,,,
,0.164,-1.522,DrkN,,12.5,,,,
,0.226,-1.983,DrkN,,13.7,,,,
,0.025,-0.165,DrkN,,47.7,,,,
,-0.770,7.362,DrkN,,25.5,,,,
,1.211,-10.830,DrkN,,3.0,,,,
,-0.692,5.783,DrkN,,28.1,,,,
,-0.502,4.965,DrkN,,15.7,,,,
,1.137,-10.252,DrkN,,39.6,,,,
,0.055,-0.413,DrkN,,6.8,,,,
,-1.443,13.397,DrkN,,8.8,,,,
,0.256,-2.732,DrkN,,9.6,,,,
,1.207,-10.663,DrkN,,3.0,,,,
,0.092,-0.577,DrkN,,140.7,,,,
,-0.618,4.955,DrkN,,66.9,,,,
,0.117,-0.991,DrkN,,40.7,,,,
,0.418,-3.287,DrkN,,5.7,,,,
,-0.619,5.105,DrkN,,60.9,,,,
,-0.601,5.874,DrkN,,6.4,,,,
,0.835,-7.857,DrkN,,36.8,,,,
,-0.335,2.976,DrkN,,40.7,,,,
,-0.501,4.965,DrkN,,15.4,,,,
,1.070,-9.757,DrkN,,23.2,,,,
,-2.091,21.356,DrkN,,31.8,,,,
,2.141,-21.686,DrkN,,6.1,,,,
,-0.552,4.627,DrkN,,26.3,,,,
,-0.635,6.288,DrkN,,64.1,,,,
,0.552,-5.461,DrkN,,68.7,,,,
,-0.121,1.158,DrkN,,23.0,,,,
,0.606,-5.289,DrkN,,68.0,,,,
,-1.037,9.759,DrkN,,18.8,,,,
,0.869,-8.271,DrkN,,82.4,,,,
,0.452,-3.468,DrkN,,47.9,,,,
,-0.493,3.964,DrkN,,11.5,,,,
,-1.088,10.757,DrkN,,25.8,,,,
,0.351,-3.726,DrkN,,17.4,,,,
,1.129,-10.169,DrkN,,14.7,,,,
,-1.294,11.991,DrkN,,7.4,,,,
,0.676,-6.702,DrkN,,48.7,,,,
,0.501,-4.130,DrkN,,249.2,,,,
,0.151,-1.156,DrkN,,42.7,,,,
,-1.271,11.575,DrkN,,69.0,,,,
,0.836,-8.023,DrkN,,48.4,,,,
,0.034,-0.248,DrkN,,47.7,,,,
,-0.067,0.578,DrkN,,85.9,,,,
,-1.013,10.012,DrkN,,24.1,,,,
,1.531,-14.141,DrkN,,6.1,,,,
,-1.355,12.320,DrkN,,16.0,,,,
,1.012,-9.594,DrkN,,18.0,,,,
,-0.058,0.495,DrkN,,15.7,,,,
,0.100,-0.826,DrkN,,23.2,,,,
,-1.032,9.760,DrkN,,23.8,,,,
,0.012,-0.083,DrkN,,12.1,,,,
,0.786,-7.527,DrkN,,17.0,,,,
,0.652,-5.119,DrkN,,15.7,,,,
,-0.234,1.816,DrkN,,6.1,,,,
,0.067,-0.495,DrkN,,25.7,,,,
,-0.552,4.626,DrkN,,69.4,,,,
,-1.673,17.720,DrkN,,62.8,,,,
,1.907,-19.703,DrkN,,46.9,,,,
,0.267,-2.147,DrkN,,38.1,,,,
,-0.418,3.553,DrkN,,10.9,,,,
,-0.346,3.225,DrkN,,9.6,,,,
,0.363,-3.307,DrkN,,9.6,,,,
,-0.345,3.175,DrkN,,8.6,,,,
,0.863,-7.304,DrkN,,37.6,,,,
,-0.786,6.610,DrkN,,12.5,,,,
,0.151,-1.323,DrkN,,55.5,,,,
,-0.134,1.241,DrkN,,14.7,,,,
,0.652,-5.453,DrkN,,112.5,,,,
,0.468,-3.333,DrkN,,6.1,,,,
,-0.969,7.546,DrkN,,71.3,,,,
,-1.651,17.388,DrkN,,33.2,,,,
1,1.634,-17.139,DrkN,,22.2,,,,
,0.201,-1.735,DrkN,,37.1,,,,
,0.468,-3.716,DrkN,,56.4,,,,
,-0.318,2.560,DrkN,,37.0,,,,
,-0.167,1.488,DrkN,,52.3,,,,
,-0.912,8.768,DrkN,,10.0,,,,
,-0.008,0.166,DrkN,,26.9,,,,
,0.719,-7.032,DrkN,,35.7,,,,
,0.084,-0.744,DrkN,,21.8,,,,
,0.618,-4.955,DrkN,,38.1,,,,
,0.047,-0.247,DrkN,,3.7,,,,
,-0.097,0.743,DrkN,,3.0,,,,
,0.050,-0.346,DrkN,,8.0,,,,
,0.009,-0.033,DrkN,,6.8,,,,
,0.025,-0.081,DrkN,,2.1,,,,
,-0.084,0.627,DrkN,,69.4,,,,
,0.167,-1.155,DrkN,,125.8,,,,
,-0.694,5.617,DrkN,,23.6,,,,
,0.599,-4.807,DrkN,,4.3,,,,
,-1.444,13.080,DrkN,,27.7,,,,
,1.639,-14.299,DrkN,,10.9,,,,
,-0.919,7.350,DrkN,,127.7,,,,
,0.234,-1.983,DrkN,,95.7,,,,
,0.468,-3.633,DrkN,,12.1,,,,
,-0.585,4.791,DrkN,,7.7,,,,
,0.520,-4.262,DrkN,,2.1,,,,
,0.006,-0.033,DrkN,,6.1,,,,
,0.025,-0.165,DrkN,,20.6,,,,
,-0.033,0.314,DrkN,,2.1,,,,
,-0.000,0.034,DrkN,,2.1,,,,
,-0.184,1.470,DrkN,,201.2,,,,
,-0.334,2.842,DrkN,,7.1,,,,
,0.835,-6.473,DrkN,,6.4,,,,
,-0.551,4.160,DrkN,,10.7,,,,
,-0.259,2.198,DrkN,,19.6,,,,
,-0.142,1.307,DrkN,,5.7,,,,
,0.668,-5.518,DrkN,,86.2,,,,
,-0.498,4.213,DrkN,,2.1,,,,
,-0.007,0.066,DrkN,,2.1,,,,
,0.463,-3.783,DrkN,,8.3,,,,
,-0.593,4.957,DrkN,,20.1,,,,
,0.127,-1.124,DrkN,,3.7,,,,
,0.492,-3.997,DrkN,,15.1,,,,
,-0.489,4.031,DrkN,,3.0,,,,
,-0.010,0.116,DrkN,,3.0,,,,
,0.482,-3.949,DrkN,,3.7,,,,
,-0.478,3.932,DrkN,,2.1,,,,
,0.411,-3.303,DrkN,,19.9,,,,
,-0.333,2.809,DrkN,,2.1,,,,
,-0.938,8.933,DrkN,,80.4,,,,
,0.962,-9.098,DrkN,,13.2,,,,
,0.660,-5.119,DrkN,,11.5,,,,
,-0.418,3.137,DrkN,,49.0,,,,
,-1.422,13.399,DrkN,,15.7,,,,
,1.962,-17.243,DrkN,,9.1,,,,
,0.061,-0.363,DrkN,,10.0,,,,
,-0.426,3.053,DrkN,,9.8,,,,
,0.010,-0.083,DrkN,,6.8,,,,
,-0.001,0.083,DrkN,,49.0,,,,
,-1.338,12.071,DrkN,,19.9,,,,
,1.655,-14.214,DrkN,,44.9,,,,
,-0.769,5.944,DrkN,,214.1,,,,
,0.652,-5.036,DrkN,,12.5,,,,
,0.201,-1.236,DrkN,,15.4,,,,
,-0.435,3.302,DrkN,,29.5,,,,
,0.222,-1.650,DrkN,,3.0,,,,
,0.096,-0.660,DrkN,,29.1,,,,
,-0.099,0.743,DrkN,,4.3,,,,
,0.282,-1.896,DrkN,,56.2,,,,
,-0.835,6.272,DrkN,,32.8,,,,
,-1.037,9.760,DrkN,,12.1,,,,
,1.455,-13.063,DrkN,,41.6,,,,
,-0.067,0.579,DrkN,,18.5,,,,
,-0.435,3.552,DrkN,,28.7,,,,
,0.669,-5.135,DrkN,,10.3,,,,
,-1.622,14.400,DrkN,,18.4,,,,
,0.802,-7.610,DrkN,,35.0,,,,
,0.452,-3.800,DrkN,,6.4,,,,
,0.551,-3.960,DrkN,,105.5,,,,
,-0.785,6.109,DrkN,,25.5,,,,
,0.468,-3.632,DrkN,,38.9,,,,
,0.234,-1.650,DrkN,,43.8,,,,
,-0.126,0.991,DrkN,,4.8,,,,
,0.000,-0.000,DrkN,,4.8,,,,
,0.101,-0.659,DrkN,,13.7,,,,
,-0.677,5.450,DrkN,,45.4,,,,
,0.367,-2.973,DrkN,,8.6,,,,
,0.117,-0.825,DrkN,,17.9,,,,
,-0.560,4.543,DrkN,,5.7,,,,
,0.415,-3.353,DrkN,,9.6,,,,
,0.045,-0.230,DrkN,,2.1,,,,
,-0.468,3.832,DrkN,,14.0,,,,
,0.025,-0.131,DrkN,,4.8,,,,
,-0.778,7.244,DrkN,,72.6,,,,
,0.903,-8.268,DrkN,,46.0,,,,
,-0.903,8.435,DrkN,,33.9,,,,
,1.104,-9.921,DrkN,,76.6,,,,
,0.133,-0.990,DrkN,,15.4,,,,
,-0.568,4.959,DrkN,,148.0,,,,
,0.953,-7.431,DrkN,,30.2,,,,
,-0.669,5.118,DrkN,,31.3,,,,
,0.100,-0.826,DrkN,,23.0,,,,
,-0.652,5.786,DrkN,,26.9,,,,
,0.586,-5.124,DrkN,,15.1,,,,
,0.050,-0.330,DrkN,,11.1,,,,
,-0.301,2.811,DrkN,,77.8,,,,
,0.618,-4.955,DrkN,,35.4,,,,
,-0.371,2.973,DrkN,,15.1,,,,
,0.003,0.001,DrkN,,96.2,,,,
,0.569,-4.292,DrkN,,3.0,,,,
,0.013,-0.049,DrkN,,3.0,,,,
,-0.005,0.049,DrkN,,3.0,,,,
,0.242,-1.649,DrkN,,28.4,,,,
,-0.802,5.942,DrkN,,22.0,,,,
,-0.970,8.764,DrkN,,30.9,,,,
,1.839,-15.035,DrkN,,41.2,,,,
,-0.261,1.782,DrkN,,9.1,,,,
,-0.631,4.820,DrkN,,13.5,,,,
,0.173,-1.320,DrkN,,287.2,,,,
,0.452,-3.134,DrkN,,9.6,,,,
,-0.753,5.862,DrkN,,138.3,,,,
,0.555,-4.376,DrkN,,10.7,,,,
,-0.282,2.196,DrkN,,2.1,,,,
,0.008,0.017,DrkN,,2.1,,,,
,0.405,-3.037,DrkN,,8.0,,,,
,-0.401,3.104,DrkN,,4.3,,,,
,0.710,-5.082,DrkN,,32.0,,,,
,-0.978,7.429,DrkN,,109.4,,,,
,0.710,-5.532,DrkN,,9.1,,,,
,-0.209,1.569,DrkN,,128.5,,,,
,-0.050,0.496,DrkN,,165.8,,,,
,0.446,-3.135,DrkN,,22.2,,,,
,-1.733,14.542,DrkN,,85.6,,,,
,0.986,-8.762,DrkN,,6.4,,,,
,0.034,0.002,DrkN,,14.0,,,,
,-0.034,0.331,DrkN,,80.7,,,,
,0.841,-6.139,DrkN,,10.7,,,,
,-0.507,3.663,DrkN,,76.9,,,,
,-0.073,0.795,DrkN,,8.6,,,,
,-0.896,7.802,DrkN,,163.0,,,,
,0.535,-4.628,DrkN,,64.2,,,,
,-0.067,0.578,DrkN,,11.7,,,,
,0.451,-3.634,DrkN,,7.1,,,,
,0.000,0.067,DrkN,,2.1,,,,
,0.393,-2.872,DrkN,,15.4,,,,
,-0.834,6.590,DrkN,,7.1,,,,
,0.441,-3.535,DrkN,,4.8,,,,
,0.067,-0.328,DrkN,,8.0,,,,
,-0.167,1.321,DrkN,,47.8,,,,
,0.484,-3.632,DrkN,,18.5,,,,
,-0.347,2.642,DrkN,,4.3,,,,
,0.013,-0.082,DrkN,,14.7,,,,
,-0.368,3.040,DrkN,,10.0,,,,
,-0.033,0.347,DrkN,,12.5,,,,
,0.012,-0.082,DrkN,,8.6,,,,
,0.038,-0.014,DrkN,,12.7,,,,
,0.008,-0.066,DrkN,,7.1,,,,
,0.376,-2.973,DrkN,,60.4,,,,
,0.117,-0.758,DrkN,,67.3,,,,
,0.217,-1.551,DrkN,,8.6,,,,
,-0.802,6.275,DrkN,,33.2,,,,
,0.819,-6.274,DrkN,,8.6,,,,
,-0.585,4.458,DrkN,,29.5,,,,
,0.034,-0.164,DrkN,,11.1,,,,
,-0.313,2.643,DrkN,,7.1,,,,
,0.613,-4.788,DrkN,,25.8,,,,
,-0.067,0.578,DrkN,,11.5,,,,
,-0.635,5.204,DrkN,,155.1,,,,
,0.786,-6.276,DrkN,,123.5,,,,
,-0.134,1.040,DrkN,,11.5,,,,
,-0.551,4.577,DrkN,,18.5,,,,
,0.643,-5.037,DrkN,,7.1,,,,
,-0.242,1.982,DrkN,,26.3,,,,
,-0.385,3.223,DrkN,,58.6,,,,
,0.502,-3.964,DrkN,,151.4,,,,
,-0.520,4.212,DrkN,,6.4,,,,
,0.005,0.084,DrkN,,7.4,,,,
,0.631,-4.954,DrkN,,46.2,,,,
,-0.518,4.129,DrkN,,100.2,,,,
,0.602,-4.623,DrkN,,21.6,,,,
,0.133,-0.824,DrkN,,20.6,,,,
1,-0.885,7.436,DrkN,,60.6,,,,
,0.259,-2.148,DrkN,,84.3,,,,
,0.680,-5.034,DrkN,,8.6,,,,
,-0.259,1.981,DrkN,,6.4,,,,
,-1.215,10.162,DrkN,,68.4,,,,
,1.215,-10.012,DrkN,,2.1,,,,
,-1.082,9.022,DrkN,,42.6,,,,
,1.070,-8.756,DrkN,,39.9,,,,
,-0.351,2.808,DrkN,,23.3,,,,
,0.234,-1.650,DrkN,,57.8,,,,
,1.157,-7.752,DrkN,,3.0,,,,
,-0.923,6.436,DrkN,,20.1,,,,
,-0.101,0.826,DrkN,,28.8,,,,
,-0.133,1.157,DrkN,,34.4,,,,
,0.242,-1.816,DrkN,,4.8,,,,
,-0.827,6.773,DrkN,,31.7,,,,
,0.250,-1.981,DrkN,,58.8,,,,
,0.000,0.250,DrkN,,181.2,,,,
,0.535,-4.095,DrkN,,7.1,,,,
,-0.368,2.857,DrkN,,292.8,,,,
,-0.902,7.934,DrkN,,50.1,,,,
,1.236,-10.160,DrkN,,164.3,,,,
,0.000,0.083,DrkN,,23.6,,,,
,0.050,-0.329,DrkN,,26.0,,,,
,-1.337,11.403,DrkN,,42.4,,,,
,0.635,-5.454,DrkN,,6.8,,,,
,-0.150,1.322,DrkN,,302.8,,,,
,0.618,-5.038,DrkN,,82.9,,,,
,0.284,-1.896,DrkN,,43.7,,,,
,-0.113,0.908,DrkN,,4.3,,,,
,-0.488,3.881,DrkN,,36.0,,,,
,0.501,-3.963,DrkN,,7.1,,,,
,-0.100,0.826,DrkN,,69.4,,,,
,-0.518,4.212,DrkN,,20.9,,,,
,0.707,-5.532,DrkN,,5.7,,,,
,-0.139,1.073,DrkN,,5.2,,,,
,0.117,-0.741,DrkN,,7.1,,,,
,-0.117,0.991,DrkN,,7.7,,,,
,-0.117,0.992,DrkN,,219.4,,,,
,0.050,-0.330,DrkN,,58.5,,,,
,0.150,-1.156,DrkN,,39.4,,,,
,-0.401,3.471,DrkN,,46.6,,,,
,0.518,-3.962,DrkN,,81.8,,,,
,0.017,0.001,DrkN,,151.4,,,,
,-0.251,1.982,DrkN,,6.8,,,,
,0.067,-0.495,DrkN,,9.1,,,,
,-0.087,0.743,DrkN,,6.8,,,,
,-0.038,0.381,DrkN,,6.8,,,,
,0.008,0.201,DrkN,,25.3,,,,
,0.008,0.000,DrkN,,4.8,,,,
,0.000,0.034,DrkN,,3.7,,,,
,-0.175,1.454,DrkN,,27.1,,,,
,-0.034,0.497,DrkN,,22.2,,,,
,0.217,-1.651,DrkN,,6.8,,,,
,-0.524,4.495,DrkN,,9.6,,,,
,0.290,-2.345,DrkN,,5.7,,,,
,0.268,-2.064,DrkN,,7.4,,,,
,-0.218,1.734,DrkN,,24.5,,,,
,-0.464,3.800,DrkN,,8.8,,,,
,0.411,-3.270,DrkN,,2.1,,,,
,0.254,-1.849,DrkN,,4.3,,,,
,-0.652,5.286,DrkN,,41.2,,,,
,0.485,-3.798,DrkN,,17.7,,,,
,-0.084,0.694,DrkN,,3.7,,,,
,0.034,-0.197,DrkN,,20.6,,,,
,-0.251,2.065,DrkN,,6.1,,,,
,0.735,-5.697,DrkN,,88.5,,,,
,0.000,-0.000,DrkN,,71.3,,,,
,-0.167,1.488,DrkN,,196.2,,,,
,-0.301,2.561,DrkN,,5.2,,,,
,0.092,-0.576,DrkN,,27.3,,,,
,-0.100,0.826,DrkN,,6.1,,,,
,-0.243,2.149,DrkN,,28.8,,,,
,0.334,-2.476,DrkN,,8.0,,,,
,-0.267,2.147,DrkN,,108.3,,,,
,-0.100,0.826,DrkN,,8.0,,,,
,0.585,-4.624,DrkN,,14.4,,,,
,-0.502,4.131,DrkN,,68.7,,,,
,0.585,-4.625,DrkN,,19.9,,,,
,-0.117,0.992,DrkN,,25.3,,,,
,-0.250,1.982,DrkN,,50.0,,,,
,0.350,-2.642,DrkN,,11.1,,,,
,0.251,-1.815,DrkN,,15.1,,,,
,-0.317,2.477,DrkN,,14.8,,,,
,-0.184,1.487,DrkN,,10.0,,,,
,0.584,-4.458,DrkN,,76.3,,,,
,-0.534,4.128,DrkN,,105.5,,,,
,0.067,-0.495,DrkN,,25.3,,,,
,0.150,-1.156,DrkN,,9.1,,,,
,0.251,-1.815,DrkN,,12.1,,,,
1,0.066,-0.495,DrkN,,76.3,,,,
,-0.234,1.816,DrkN,,117.3,,,,
,-0.735,5.864,DrkN,,5.2,,,,
,0.184,-1.404,DrkN,,23.2,,,,
,-0.050,0.497,DrkN,,13.7,,,,
,0.418,-3.303,DrkN,,67.7,,,,
,0.350,-2.642,DrkN,,12.5,,,,
1,-0.551,4.461,DrkN,,7.4,,,,
,-0.012,0.165,DrkN,,5.2,,,,
,-0.305,2.478,DrkN,,8.6,,,,
,0.213,-1.601,DrkN,,3.7,,,,
,0.087,-0.627,DrkN,,5.7,,,,
,0.017,-0.082,DrkN,,16.0,,,,
,-0.092,0.827,DrkN,,12.1,,,,
,0.393,-2.972,DrkN,,32.0,,,,
,0.233,-1.733,DrkN,,89.8,,,,
,-0.543,4.211,DrkN,,11.5,,,,
,-0.008,0.082,DrkN,,4.3,,,,
,0.008,0.001,DrkN,,5.2,,,,
,-0.108,0.909,DrkN,,21.8,,,,
,0.108,-0.659,DrkN,,3.7,,,,
,0.426,-3.303,DrkN,,44.9,,,,
,-0.317,2.477,DrkN,,182.4,,,,
,-0.109,0.859,DrkN,,8.0,,,,
,-0.025,0.298,DrkN,,13.2,,,,
,0.368,-2.640,DrkN,,92.6,,,,
,-0.050,0.497,DrkN,,55.2,,,,
,-0.502,3.963,DrkN,,83.7,,,,
,0.171,-1.321,DrkN,,4.3,,,,
,-0.004,0.084,DrkN,,4.3,,,,
,0.201,-1.403,DrkN,,33.0,,,,
,-0.226,1.817,DrkN,,3.0,,,,
,0.209,-1.651,DrkN,,34.7,,,,
,-0.200,1.652,DrkN,,6.1,,,,
,-0.051,0.496,DrkN,,19.3,,,,
,0.406,-3.137,DrkN,,7.1,,,,
,0.032,-0.198,DrkN,,3.0,,,,
,0.147,-1.122,DrkN,,75.4,,,,
,-0.142,1.156,DrkN,,11.1,,,,
,0.014,-0.032,DrkN,,4.3,,,,
,0.011,0.201,DrkN,,15.1,,,,
,-0.401,3.137,DrkN,,4.3,,,,
,0.017,0.001,DrkN,,10.0,,,,
,-0.169,1.455,DrkN,,4.8,,,,
,0.361,-2.774,DrkN,,6.1,,,,
,-0.176,1.487,DrkN,,3.0,,,,
,0.017,-0.082,DrkN,,5.7,,,,
,0.468,-3.633,DrkN,,2.1,,,,
,-0.545,4.244,DrkN,,8.6,,,,
,-0.090,0.960,DrkN,,12.8,,,,
,0.735,-5.647,DrkN,,3.7,,,,
,-0.652,5.070,DrkN,,15.1,,,,
,0.184,-1.403,DrkN,,61.0,,,,
,0.460,-3.467,DrkN,,17.4,,,,
,-0.710,5.549,DrkN,,24.1,,,,
,0.705,-5.383,DrkN,,4.8,,,,
,-0.254,1.982,DrkN,,196.7,,,,
,0.228,-1.650,DrkN,,11.1,,,,
,-0.103,0.992,DrkN,,34.9,,,,
,0.133,-0.990,DrkN,,3.7,,,,
,-0.676,5.451,DrkN,,25.2,,,,
,0.150,-1.156,DrkN,,21.1,,,,
,0.515,-3.596,DrkN,,8.0,,,,
,-0.014,0.132,DrkN,,28.4,,,,
,-0.042,0.331,DrkN,,16.7,,,,
,-0.058,0.495,DrkN,,52.0,,,,
,-0.117,0.992,DrkN,,99.5,,,,
,-0.201,1.652,DrkN,,64.4,,,,
,0.331,-2.476,DrkN,,4.8,,,,
,0.012,0.001,DrkN,,35.0,,,,
,-0.025,0.331,DrkN,,34.4,,,,
,0.067,-0.328,DrkN,,23.8,,,,
,0.274,-2.064,DrkN,,4.8,,,,
,-0.316,2.478,DrkN,,8.6,,,,
,-0.393,3.055,DrkN,,10.0,,,,
,0.485,-3.632,DrkN,,120.8,,,,
,-0.259,2.048,DrkN,,11.5,,,,
,-0.042,0.347,DrkN,,34.1,,,,
,-0.201,1.569,DrkN,,49.5,,,,
,0.234,-1.817,DrkN,,24.7,,,,
,-0.210,1.718,DrkN,,10.0,,,,
,0.701,-5.349,DrkN,,22.8,,,,
,-0.496,3.964,DrkN,,14.0,,,,
,0.423,-3.136,DrkN,,18.5,,,,
,0.083,-0.578,DrkN,,5.7,,,,
,-0.085,0.744,DrkN,,5.7,,,,
,-0.080,0.661,DrkN,,5.2,,,,
,0.013,0.001,DrkN,,5.7,,,,
,-0.115,0.909,DrkN,,102.7,,,,
,-0.017,0.165,DrkN,,67.7,,,,
,0.209,-1.568,DrkN,,5.2,,,,
,0.092,-0.494,DrkN,,119.4,,,,
,-0.164,1.322,DrkN,,3.0,,,,
,0.109,-0.826,DrkN,,12.1,,,,
,-0.020,0.165,DrkN,,9.6,,,,
,0.081,-0.577,DrkN,,11.5,,,,
,-0.442,3.385,DrkN,,6.1,,,,
,0.294,-2.229,DrkN,,24.4,,,,
,-0.343,2.726,DrkN,,28.8,,,,
,-0.016,0.165,DrkN,,44.5,,,,
,-0.084,0.661,DrkN,,279.1,,,,
,0.150,-0.989,DrkN,,14.0,,,,
,0.268,-1.981,DrkN,,84.3,,,,
,0.083,-0.578,DrkN,,9.6,,,,
,-0.384,2.973,DrkN,,107.0,,,,
,-0.034,0.331,DrkN,,30.9,,,,
,0.301,-2.312,DrkN,,79.2,,,,
,-0.083,0.744,DrkN,,15.1,,,,
,0.225,-1.701,DrkN,,10.5,,,,
,-0.078,0.711,DrkN,,6.8,,,,
,-0.682,5.285,DrkN,,377.0,,,,
,0.134,-1.990,DrkN,,17.4,,,,
,0.066,0.504,DrkN,,25.5,,,,
,0.000,0.000,DrkN,,253.3,,,,
,-0.033,-0.419,DrkN,,10.9,,,,
,0.643,-4.037,DrkN,,16.7,,,,
,-0.651,3.787,DrkN,,18.9,,,,
,0.057,0.254,DrkN,,4.8,,,,
,0.569,-3.543,DrkN,,59.9,,,,
,-0.574,3.426,DrkN,,6.1,,,,
,0.407,-1.938,DrkN,,88.5,,,,
,0.217,-1.651,DrkN,,13.7,,,,
,-0.020,0.165,DrkN,,18.2,,,,
,-0.247,1.983,DrkN,,36.0,,,,
,-0.318,2.560,DrkN,,19.6,,,,
,0.384,-2.889,DrkN,,18.8,,,,
,-0.551,4.294,DrkN,,77.8,,,,
,0.259,-1.981,DrkN,,12.5,,,,
,0.008,0.000,DrkN,,20.6,,,,
,-0.058,-0.504,DrkN,,12.5,,,,
,0.276,-0.980,DrkN,,87.8,,,,
,0.233,-1.567,DrkN,,214.1,,,,
,-0.500,2.214,DrkN,,38.9,,,,
,-0.135,2.824,DrkN,,7.1,,,,
,0.185,-2.653,DrkN,,46.0,,,,
,0.350,-1.142,DrkN,,4.8,,,,
,0.752,-5.616,DrkN,,15.4,,,,
,-0.959,7.601,DrkN,,16.7,,,,
,0.043,-0.147,DrkN,,9.1,,,,
,-0.067,0.645,DrkN,,2.1,,,,
,0.080,-0.577,DrkN,,10.0,,,,
,-0.351,2.725,DrkN,,11.5,,,,
,0.271,-2.064,DrkN,,2.1,,,,
,0.080,-0.878,DrkN,,3.7,,,,
,-0.087,0.961,DrkN,,4.3,,,,
,0.087,-0.661,DrkN,,26.4,,,,
,-0.080,0.661,DrkN,,3.0,,,,
,0.080,-1.077,DrkN,,3.0,,,,
,-0.058,-0.505,DrkN,,26.0,,,,
,0.059,0.255,DrkN,,4.3,,,,
,-0.000,-0.084,DrkN,,3.7,,,,
,-0.034,-0.335,DrkN,,24.3,,,,
,0.102,0.590,DrkN,,8.3,,,,
,0.005,-0.166,DrkN,,3.7,,,,
,0.013,0.084,DrkN,,5.7,,,,
,0.000,0.000,DrkN,,12.1,,,,
,0.381,-1.723,DrkN,,78.7,,,,
,-0.535,4.129,DrkN,,104.7,,,,
,0.167,-0.988,DrkN,,58.4,,,,
,0.301,-2.313,DrkN,,9.1,,,,
,0.042,-0.214,DrkN,,8.6,,,,
,0.041,0.303,DrkN,,9.1,,,,
,-0.551,4.378,DrkN,,454.2,,,,
,0.401,-3.555,DrkN,,36.9,,,,
,0.718,-4.535,DrkN,,120.9,,,,
,-0.819,6.445,DrkN,,47.2,,,,
,0.017,0.001,DrkN,,3.0,,,,
,-0.000,0.083,DrkN,,3.7,,,,
,0.125,-0.824,DrkN,,117.1,,,,
,-0.259,2.598,DrkN,,95.7,,,,
,0.317,-2.344,DrkN,,42.4,,,,
,-0.643,4.955,DrkN,,37.1,,,,
,0.560,-3.461,DrkN,,9.6,,,,
,0.133,-0.991,DrkN,,59.2,,,,
,-0.660,5.454,DrkN,,18.5,,,,
,0.008,0.501,DrkN,,16.4,,,,
,0.468,-3.417,DrkN,,2.1,,,,
,-0.050,0.529,DrkN,,31.8,,,,
,-0.418,3.554,DrkN,,11.7,,,,
,0.150,-0.906,DrkN,,302.8,,,,
,0.368,-2.224,DrkN,,79.2,,,,
,0.167,-0.988,DrkN,,86.2,,,,
,-0.101,0.993,DrkN,,41.7,,,,
,0.051,0.003,DrkN,,50.4,,,,
,0.076,-0.261,DrkN,,8.3,,,,
,-0.077,1.761,DrkN,,103.6,,,,
,-0.000,0.750,DrkN,,151.4,,,,
,-0.084,0.744,DrkN,,107.5,,,,
,0.092,-0.577,DrkN,,30.7,,,,
,-0.677,5.203,DrkN,,7.1,,,,
,0.552,-4.045,DrkN,,324.7,,,,
,-0.544,4.379,DrkN,,15.1,,,,
,0.661,-4.954,DrkN,,10.7,,,,
,-0.017,0.332,DrkN,,31.5,,,,
,-0.602,4.625,DrkN,,54.3,,,,
,0.786,-5.946,DrkN,,144.6,,,,
,-0.153,1.440,DrkN,,9.6,,,,
,0.017,-0.082,DrkN,,2.1,,,,
,0.002,0.433,DrkN,,18.5,,,,
,-0.009,0.200,DrkN,,8.6,,,,
,-0.660,4.953,DrkN,,81.8,,,,
,-0.067,0.496,DrkN,,102.2,,,,
,0.742,-5.448,DrkN,,6.1,,,,
,-0.408,3.305,DrkN,,43.7,,,,
,0.660,-4.838,DrkN,,4.8,,,,
,-0.267,2.198,DrkN,,29.0,,,,
,-0.685,5.119,DrkN,,18.8,,,,
,0.016,0.168,DrkN,,24.5,,,,
,0.410,-2.971,DrkN,,109.8,,,,
,0.635,-4.707,DrkN,,13.0,,,,
,-0.685,5.453,DrkN,,76.6,,,,
,0.668,-5.204,DrkN,,27.7,,,,
,-0.083,0.828,DrkN,,21.6,,,,
,0.167,-1.323,DrkN,,56.1,,,,
,-0.443,4.137,DrkN,,30.2,,,,
,0.125,-0.824,DrkN,,45.8,,,,
,-0.074,0.661,DrkN,,3.7,,,,
,-0.040,0.414,DrkN,,5.2,,,,
,0.014,0.051,DrkN,,5.2,,,,
,0.367,-2.942,DrkN,,15.1,,,,
,-0.518,4.132,DrkN,,65.5,,,,
,0.523,-4.115,DrkN,,5.7,,,,
,-0.005,0.150,DrkN,,17.4,,,,
,-0.259,2.149,DrkN,,15.4,,,,
,-0.125,0.992,DrkN,,21.8,,,,
,0.008,0.500,DrkN,,29.1,,,,
,0.134,-0.991,DrkN,,13.0,,,,
,-0.109,0.993,DrkN,,6.4,,,,
,0.254,-2.016,DrkN,,5.2,,,,
,0.003,0.067,DrkN,,8.6,,,,
,0.027,-0.199,DrkN,,16.2,,,,
,0.005,0.051,DrkN,,12.7,,,,
,-0.189,1.604,DrkN,,17.0,,,,
,-0.117,0.992,DrkN,,15.1,,,,
,-0.201,1.569,DrkN,,279.1,,,,
,0.507,-3.549,DrkN,,22.4,,,,
,0.062,-0.496,DrkN,,40.1,,,,
,-0.251,2.150,DrkN,,9.3,,,,
,-0.451,3.469,DrkN,,50.7,,,,
,0.397,-2.972,DrkN,,7.4,,,,
,0.054,-0.330,DrkN,,9.6,,,,
,0.199,-1.520,DrkN,,4.8,,,,
,-0.106,1.026,DrkN,,8.6,,,,
,0.025,0.002,DrkN,,4.8,,,,
,0.186,-1.438,DrkN,,9.6,,,,
,-0.346,2.927,DrkN,,21.1,,,,
,0.167,-1.322,DrkN,,19.9,,,,
,-1.279,9.310,DrkN,,6.1,,,,
,1.476,-10.297,DrkN,,10.5,,,,
,-0.774,6.114,DrkN,,9.6,,,,
,0.201,-1.152,DrkN,,3.0,,,,
,-0.201,1.652,DrkN,,14.4,,,,
,-0.000,0.000,DrkN,,165.8,,,,
,-0.050,0.497,DrkN,,63.0,,,,
,0.217,-1.485,DrkN,,135.4,,,,
,-0.000,0.833,DrkN,,6.4,,,,
,-0.117,1.159,DrkN,,23.0,,,,
,0.300,-1.979,DrkN,,253.3,,,,
,-0.117,0.908,DrkN,,26.0,,,,
,-0.067,0.579,DrkN,,49.0,,,,
,-0.150,1.156,DrkN,,20.1,,,,
,0.568,-4.294,DrkN,,179.1,,,,
,-0.100,1.243,DrkN,,295.1,,,,
,-0.117,1.742,DrkN,,10.3,,,,
,-0.101,0.793,DrkN,,6.8,,,,
,-0.100,0.860,DrkN,,165.8,,,,
,0.267,-1.915,DrkN,,4.8,,,,
,0.301,-2.213,DrkN,,11.7,,,,
,-0.251,2.316,DrkN,,9.1,,,,
,-0.367,2.808,DrkN,,67.7,,,,
,0.519,-3.798,DrkN,,10.3,,,,
,-0.336,2.644,DrkN,,10.3,,,,
,0.301,-2.313,DrkN,,35.2,,,,
,-0.309,2.563,DrkN,,9.1,,,,
,0.410,-3.056,DrkN,,42.7,,,,
,-0.602,4.959,DrkN,,55.0,,,,
,0.234,-1.650,DrkN,,9.3,,,,
,-0.134,1.157,DrkN,,55.0,,,,
,0.435,-3.304,DrkN,,18.8,,,,
,-0.318,2.646,DrkN,,16.9,,,,
,0.050,-0.330,DrkN,,42.0,,,,
,0.067,-0.496,DrkN,,132.0,,,,
,-0.117,0.992,DrkN,,179.1,,,,
,0.200,-1.486,DrkN,,14.7,,,,
,0.087,-0.661,DrkN,,8.0,,,,
,-0.316,2.479,DrkN,,11.1,,,,
,0.480,-3.635,DrkN,,47.4,,,,
,-0.435,3.504,DrkN,,12.7,,,,
,0.318,-2.428,DrkN,,8.8,,,,
,-0.268,2.232,DrkN,,51.1,,,,
,-0.167,1.322,DrkN,,36.8,,,,
,0.050,-0.330,DrkN,,191.5,,,,
,0.049,-0.347,DrkN,,3.7,,,,
,0.297,-2.213,DrkN,,7.4,,,,
,0.156,-1.240,DrkN,,4.8,,,,
,-0.017,0.416,DrkN,,6.1,,,,
,-0.334,2.727,DrkN,,27.7,,,,
,0.008,0.001,DrkN,,5.7,,,,
,0.242,-1.867,DrkN,,12.3,,,,
,0.076,-0.612,DrkN,,11.5,,,,
,-0.611,5.126,DrkN,,40.5,,,,
,0.335,-2.228,DrkN,,6.8,,,,
,0.100,-0.743,DrkN,,23.1,,,,
,-0.271,2.065,DrkN,,6.8,,,,
,-0.022,0.249,DrkN,,6.1,,,,
,0.008,0.000,DrkN,,19.0,,,,
,0.419,-3.138,DrkN,,13.5,,,,
,0.083,-0.662,DrkN,,69.0,,,,
,-0.401,3.140,DrkN,,30.4,,,,
,0.050,-0.163,DrkN,,22.6,,,,
,-0.067,0.496,DrkN,,8.6,,,,
,0.134,-0.991,DrkN,,39.7,,,,
,-0.191,1.420,DrkN,,4.8,,,,
,0.074,-0.428,DrkN,,17.7,,,,
,-0.044,0.330,DrkN,,4.3,,,,
,0.007,0.001,DrkN,,3.0,,,,
,0.012,0.000,DrkN,,10.7,,,,
,0.192,-1.320,DrkN,,49.2,,,,
,-0.385,2.974,DrkN,,32.2,,,,
,0.251,-1.400,DrkN,,14.0,,,,
,0.050,-0.330,DrkN,,25.3,,,,
,-0.268,2.065,DrkN,,24.1,,,,
,0.234,-1.650,DrkN,,14.7,,,,
,0.000,0.166,DrkN,,6.8,,,,
,-0.016,0.166,DrkN,,15.1,,,,
,0.033,0.002,DrkN,,42.3,,,,
,0.083,0.006,DrkN,,5.7,,,,
,-0.041,0.330,DrkN,,13.2,,,,
,0.359,-2.309,DrkN,,331.7,,,,
,-0.326,2.645,DrkN,,5.7,,,,
,0.267,-1.149,DrkN,,8.0,,,,
,-0.242,2.067,DrkN,,4.8,,,,
,0.242,-1.734,DrkN,,20.9,,,,
,-0.209,1.737,DrkN,,25.8,,,,
,0.042,-0.248,DrkN,,17.4,,,,
,-0.042,1.164,DrkN,,35.7,,,,
,-0.000,0.000,DrkN,,35.7,,,,
,0.116,-0.242,DrkN,,8.0,,,,
,0.360,-2.894,DrkN,,7.7,,,,
,-0.309,2.647,DrkN,,107.0,,,,
,-0.076,0.829,DrkN,,10.9,,,,
,0.025,-0.165,DrkN,,12.8,,,,
,0.323,-2.480,DrkN,,13.7,,,,
,-0.062,0.663,DrkN,,4.8,,,,
,-0.289,2.315,DrkN,,9.3,,,,
,0.008,-0.033,DrkN,,9.1,,,,
,0.313,-2.497,DrkN,,4.8,,,,
,-0.288,2.365,DrkN,,5.2,,,,
,-0.012,0.249,DrkN,,10.7,,,,
,0.024,-0.081,DrkN,,8.0,,,,
,0.318,-2.147,DrkN,,100.4,,,,
,-0.318,2.813,DrkN,,14.7,,,,
,-0.084,0.911,DrkN,,34.1,,,,
,0.083,-0.327,DrkN,,25.8,,,,
,-0.033,0.581,DrkN,,32.0,,,,
,0.351,-2.394,DrkN,,12.1,,,,
,-0.285,2.398,DrkN,,103.1,,,,
,-0.184,1.405,DrkN,,10.7,,,,
,0.084,-0.411,DrkN,,151.4,,,,
,0.602,-3.962,DrkN,,214.1,,,,
,-0.485,4.219,DrkN,,23.3,,,,
,-0.051,0.580,DrkN,,41.6,,,,
,-0.130,1.492,DrkN,,5.7,,,,
,0.163,-0.323,DrkN,,105.1,,,,
,0.368,-1.977,DrkN,,81.2,,,,
,0.117,-0.742,DrkN,,31.2,,,,
,-0.402,3.725,DrkN,,96.9,,,,
,-0.050,0.413,DrkN,,15.9,,,,
,0.486,-3.836,DrkN,,15.9,,,,
,-0.453,3.838,DrkN,,9.3,,,,
,0.039,-0.097,DrkN,,7.1,,,,
,-0.022,0.331,DrkN,,8.3,,,,
,0.034,-0.064,DrkN,,7.4,,,,
,0.016,0.051,DrkN,,10.0,,,,
,0.000,0.033,DrkN,,82.9,,,,
,-0.017,0.599,DrkN,,8.3,,,,
,-0.008,0.283,DrkN,,8.0,,,,
,-0.000,0.033,DrkN,,7.4,,,,
,0.509,-3.935,DrkN,,6.1,,,,
,0.001,0.000,DrkN,,6.1,,,,
,-0.402,3.359,DrkN,,80.1,,,,
,-0.093,0.994,DrkN,,22.5,,,,
,0.278,-1.983,DrkN,,370.8,,,,
,0.150,-1.157,DrkN,,8.6,,,,
,0.012,-0.066,DrkN,,5.7,,,,
,0.162,-1.257,DrkN,,9.6,,,,
,-0.423,3.691,DrkN,,30.3,,,,
,0.618,-5.180,DrkN,,117.3,,,,
,-0.671,5.960,DrkN,,117.3,,,,
,0.057,-0.280,DrkN,,7.1,,,,
,-0.011,0.250,DrkN,,7.1,,,,
,0.122,-0.960,DrkN,,60.6,,,,
,0.306,-2.481,DrkN,,9.6,,,,
,-0.407,3.475,DrkN,,11.7,,,,
,0.017,0.085,DrkN,,3.0,,,,
,-0.151,1.157,DrkN,,22.2,,,,
,0.012,0.001,DrkN,,6.1,,,,
,0.161,-1.207,DrkN,,8.3,,,,
,-0.106,0.960,DrkN,,60.6,,,,
,0.154,-1.190,DrkN,,30.3,,,,
,0.338,-2.614,DrkN,,8.3,,,,
,-0.442,3.724,DrkN,,2.1,,,,
,-0.074,0.712,DrkN,,4.8,,,,
,0.107,0.207,DrkN,,60.6,,,,
,0.015,0.134,DrkN,,4.8,,,,
,0.572,-4.933,DrkN,,151.4,,,,
,-0.631,5.596,DrkN,,18.5,,,,
,0.049,0.003,DrkN,,28.1,,,,
,-0.121,0.942,DrkN,,7.1,,,,
,0.786,-6.537,DrkN,,54.8,,,,
,-0.788,7.287,DrkN,,12.5,,,,
,0.620,-4.296,DrkN,,338.5,,,,
,-0.520,4.636,DrkN,,17.7,,,,
,-0.067,0.662,DrkN,,19.5,,,,
,0.654,-5.294,DrkN,,67.0,,,,
,0.016,0.001,DrkN,,67.0,,,,
,-0.569,4.800,DrkN,,4.3,,,,
,0.025,-0.082,DrkN,,11.5,,,,
,0.083,0.005,DrkN,,5.7,,,,
,-0.092,0.761,DrkN,,3.7,,,,
,0.201,-1.338,DrkN,,4.3,,,,
,-0.117,0.993,DrkN,,8.3,,,,
,0.067,-0.496,DrkN,,4.8,,,,
,0.025,-0.165,DrkN,,3.0,,,,
,0.008,0.000,DrkN,,3.7,,,,
,-0.235,1.820,DrkN,,75.1,,,,
,0.059,-0.330,DrkN,,3.0,,,,
,0.159,-1.157,DrkN,,69.4,,,,
,-0.252,2.484,DrkN,,9.3,,,,
,0.252,-1.818,DrkN,,143.0,,,,
,0.100,-0.494,DrkN,,60.6,,,,
,-0.352,2.729,DrkN,,15.7,,,,
,0.168,-0.906,DrkN,,7.1,,,,
,0.033,-0.165,DrkN,,15.7,,,,
,-0.050,0.414,DrkN,,12.5,,,,
,0.050,-0.331,DrkN,,4.3,,,,
,-0.000,0.750,DrkN,,160.8,,,,
,0.436,-2.974,DrkN,,11.3,,,,
,-0.286,2.483,DrkN,,22.6,,,,
,0.286,-2.317,DrkN,,17.9,,,,
,-0.302,2.816,DrkN,,9.1,,,,
,0.016,0.085,DrkN,,8.6,,,,
,-0.054,0.580,DrkN,,5.2,,,,
,0.004,0.000,DrkN,,2.1,,,,
,-0.218,1.737,DrkN,,4.8,,,,
,0.738,-5.874,DrkN,,191.5,,,,
,-0.722,6.125,DrkN,,9.1,,,,
,0.453,-3.140,DrkN,,268.9,,,,
,0.141,-1.159,DrkN,,14.7,,,,
,-0.427,4.142,DrkN,,41.0,,,,
,0.000,0.000,DrkN,,132.7,,,,
,0.000,0.167,DrkN,,7.1,,,,
,0.353,-2.396,DrkN,,7.7,,,,
,0.453,-4.226,DrkN,,60.6,,,,
,-0.729,6.627,DrkN,,7.1,,,,
,0.460,-3.641,DrkN,,154.5,,,,
,-0.108,1.411,DrkN,,5.7,,,,
,0.208,-1.906,DrkN,,81.2,,,,
,-0.293,2.951,DrkN,,2.1,,,,
,0.011,-0.049,DrkN,,4.3,,,,
,-0.137,1.192,DrkN,,2.1,,,,
,-0.000,0.050,DrkN,,2.1,,,,
,0.008,-0.066,DrkN,,3.0,,,,
,0.092,-0.678,DrkN,,4.8,,,,
,-0.067,0.579,DrkN,,15.7,,,,
1,-0.017,0.166,DrkN,,3.0,,,,
,0.029,-0.015,DrkN,,3.0,,,,
,0.475,-4.225,DrkN,,10.7,,,,
,-0.381,3.497,DrkN,,3.7,,,,
,-0.089,0.745,DrkN,,3.0,,,,
,0.020,0.001,DrkN,,3.0,,,,
,0.181,-1.490,DrkN,,7.7,,,,
,0.302,-1.984,DrkN,,4.3,,,,
,-0.218,2.322,DrkN,,24.6,,,,
,0.238,-2.071,DrkN,,7.1,,,,
,-0.171,1.741,DrkN,,101.6,,,Gulf of Mexico,
,-0.085,1.329,DrkN,,64.7,,,,
,0.303,-2.735,DrkN,,193.0,,,,
,-0.017,0.249,DrkN,,38.1,,,,
,-0.630,5.467,DrkN,,302.8,,,,
,0.378,-2.579,DrkN,,26.3,,,,
,0.050,0.235,DrkN,,21.9,,,,
,0.327,-2.616,DrkN,,5.2,,,,
,0.005,0.183,DrkN,,6.4,,,,
,0.017,-0.099,DrkN,,3.0,,,,
,-0.333,3.233,DrkN,,27.1,,,,
,0.354,-3.065,DrkN,,2.1,,,,
,0.017,-0.150,DrkN,,6.1,,,,
,0.012,-0.066,DrkN,,2.1,,,,
,-0.022,0.283,DrkN,,8.0,,,,
,-0.314,3.084,DrkN,,22.7,,,,
,0.343,-3.300,DrkN,,4.8,,,,
,-0.011,0.150,DrkN,,2.1,,,,
,0.016,-0.083,DrkN,,2.1,,,,
,-0.328,3.817,DrkN,,45.4,,,,
,-0.068,0.664,DrkN,,19.3,,,,
,0.232,-1.889,DrkN,,3.7,,,,
,-0.181,1.808,DrkN,,34.3,,,,
,-0.029,0.332,DrkN,,7.4,,,,
,0.213,-1.573,DrkN,,19.0,,,,
,-0.054,0.631,DrkN,,3.7,,,,
,0.005,0.067,DrkN,,5.2,,,,
,-0.119,1.127,DrkN,,55.3,,,,
,0.202,-1.823,DrkN,,21.8,,,,
,-0.071,0.830,DrkN,,5.2,,,,
,0.171,-1.492,DrkN,,44.4,,,,
,-0.327,3.150,DrkN,,28.1,,,,
,0.168,-1.458,DrkN,,26.7,,,,
,0.205,-2.023,DrkN,,8.0,,,,
,0.190,-1.958,DrkN,,9.1,,,,
,-0.353,3.783,DrkN,,23.7,,,,
,-0.199,1.940,DrkN,,6.8,,,,
,0.341,-3.183,DrkN,,15.1,,,,
,0.269,-2.905,DrkN,,11.5,,,,
,-0.302,3.404,DrkN,,29.7,,,,
,-0.126,1.244,DrkN,,18.5,,,,
,0.206,-1.857,DrkN,,0.0,,,,
,0.247,-2.789,DrkN,,12.5,,,,
,-0.630,6.470,DrkN,,30.3,,,,
,0.639,-6.337,DrkN,,3.0,,,,
,-0.244,2.856,DrkN,,0.0,,,,
,-0.420,3.980,DrkN,,12.3,,,,
,0.047,-0.281,DrkN,,9.3,,,,
,0.499,-4.860,DrkN,,17.7,,,,
,-0.513,5.142,DrkN,,16.0,,,,
,-0.042,0.382,DrkN,,12.3,,,,
,0.555,-5.357,DrkN,,19.0,,,,
,-0.527,5.458,DrkN,,6.4,,,,
,0.064,-0.480,DrkN,,31.0,,,,
,0.286,-2.653,DrkN,,80.1,,,,
,-0.382,3.731,DrkN,,15.3,,,,
,0.057,-0.397,DrkN,,8.6,,,,
,-0.129,1.144,DrkN,,19.1,,,,
,0.535,-4.607,DrkN,,2.1,,,,
,-0.011,0.232,DrkN,,6.4,,,,
,0.012,-0.132,DrkN,,2.1,,,,
,-0.486,4.426,DrkN,,19.1,,,,
,0.484,-4.260,DrkN,,2.1,,,,
,-0.375,3.516,DrkN,,28.1,,,,
,0.059,-0.498,DrkN,,181.7,,,,
,-0.017,0.166,DrkN,,34.2,,,,
,0.345,-3.183,DrkN,,2.1,,,,
,-0.513,5.008,DrkN,,95.0,,,,
,0.050,-0.331,DrkN,,19.0,,,,
,0.034,0.002,DrkN,,28.2,,,,
,0.202,-1.657,DrkN,,179.1,,,,
,0.294,-2.903,DrkN,,13.4,,,,
,-0.101,1.079,DrkN,,26.5,,,,
,0.025,0.168,DrkN,,7.7,,,,
,0.118,-1.161,DrkN,,16.7,,,,
,0.084,-0.830,DrkN,,28.9,,,,
,-0.538,5.308,DrkN,,18.9,,,,
,0.459,-4.262,DrkN,,9.8,,,,
,-0.561,5.257,DrkN,,14.8,,,,
,0.392,-3.364,DrkN,,4.3,,,,
,-0.392,3.531,DrkN,,15.0,,,,
,0.322,-2.518,DrkN,,3.7,,,,
,0.092,-0.845,DrkN,,11.1,,,,
,-0.347,3.116,DrkN,,8.6,,,,
,0.275,-2.336,DrkN,,3.7,,,,
,0.365,-3.718,DrkN,,25.0,,,,
,-0.355,3.801,DrkN,,2.1,,,,
,-0.201,1.841,DrkN,,41.8,,,,
,-0.185,1.490,DrkN,,35.8,,,,
,0.731,-6.832,DrkN,,7.1,,,,
1,-0.680,6.502,DrkN,,14.8,,,,
,0.084,-0.663,DrkN,,10.9,,,,
,-0.017,0.166,DrkN,,15.9,,,,
,-0.067,0.663,DrkN,,214.1,,,,
,0.750,-7.099,DrkN,,11.9,,,,
,-0.010,0.133,DrkN,,9.6,,,,
,-0.707,6.885,DrkN,,14.0,,,,
,-0.438,3.060,DrkN,,57.2,,,,
,0.472,-3.142,DrkN,,14.4,,,,
,0.653,-6.304,DrkN,,22.4,,,,
,-1.108,9.447,DrkN,,20.1,,,,
,0.270,-1.736,DrkN,,52.0,,,,
,-0.135,0.910,DrkN,,55.0,,,,
,-0.067,0.496,DrkN,,19.0,,,,
,1.071,-9.115,DrkN,,8.6,,,,
,-1.139,9.778,DrkN,,10.0,,,,
,1.183,-10.110,DrkN,,8.3,,,,
,-0.156,1.827,DrkN,,72.5,,,,
,-0.977,8.119,DrkN,,5.2,,,,
,1.120,-9.696,DrkN,,9.1,,,,
,-0.085,1.080,DrkN,,20.1,,,,
,0.080,-0.864,DrkN,,4.8,,,,
,-0.214,2.475,DrkN,,17.8,,,,
,-0.884,7.173,DrkN,,4.8,,,,
,0.387,-2.647,DrkN,,20.3,,,,
,-0.379,2.647,DrkN,,6.8,,,,
,1.086,-9.381,DrkN,,9.1,,,,
,-0.808,7.563,DrkN,,12.3,,,,
,0.589,-4.972,DrkN,,165.8,,,,
,0.308,-3.521,DrkN,,30.2,,,,
,-0.914,8.825,DrkN,,12.8,,,,
,0.758,-6.465,DrkN,,15.6,,,,
,-0.691,6.469,DrkN,,63.1,,,,
,0.640,-5.304,DrkN,,16.4,,,,
,-0.489,4.561,DrkN,,11.9,,,,
,-0.219,2.072,DrkN,,53.2,,,,
,0.253,-1.820,DrkN,,3.7,,,,
,-0.101,0.828,DrkN,,10.7,,,,
,0.101,-0.745,DrkN,,2.1,,,,
,-0.101,0.912,DrkN,,10.3,,,,
,0.673,-5.803,DrkN,,30.9,,,,
,-0.640,5.971,DrkN,,7.4,,,,
,-0.052,0.414,DrkN,,11.1,,,,
,0.035,-0.248,DrkN,,9.1,,,,
,0.640,-5.805,DrkN,,15.1,,,,
,-0.809,7.130,DrkN,,20.5,,,,
,0.304,-1.985,DrkN,,83.2,,,,
,0.530,-4.810,DrkN,,27.2,,,,
,-0.227,2.490,DrkN,,11.1,,,,
,-0.051,0.498,DrkN,,25.8,,,,
,-0.705,5.466,DrkN,,6.1,,,,
,0.806,-6.128,DrkN,,3.0,,,,
,-0.017,0.332,DrkN,,9.1,,,,
,-0.067,0.664,DrkN,,7.1,,,,
,-0.186,1.825,DrkN,,2.1,,,,
,0.253,-2.155,DrkN,,51.7,,,,
,-0.759,5.796,DrkN,,22.6,,,,
,0.708,-4.215,DrkN,,59.1,,,,
,0.134,-1.078,DrkN,,21.3,,,,
,-0.135,1.861,DrkN,,6.8,,,,
,-0.084,0.796,DrkN,,20.9,,,,
,0.118,-0.994,DrkN,,7.7,,,,
,0.050,-0.332,DrkN,,9.3,,,,
,-1.096,7.279,DrkN,,33.4,,,,
,1.046,-6.781,DrkN,,11.3,,,,
,0.421,-3.816,DrkN,,23.8,,,,
,-0.388,4.068,DrkN,,8.0,,,,
,-0.067,0.663,DrkN,,12.5,,,,
,-1.013,6.366,DrkN,,3.0,,,,
,1.164,-7.693,DrkN,,7.4,,,,
,-0.185,1.743,DrkN,,2.1,,,,
,0.253,-2.323,DrkN,,3.7,,,,
,-0.203,1.908,DrkN,,10.7,,,,
,0.034,-0.248,DrkN,,6.1,,,,
,-1.029,6.615,DrkN,,5.7,,,,
,1.080,-7.030,DrkN,,20.9,,,,
,-0.118,1.078,DrkN,,6.1,,,,
,0.153,-1.326,DrkN,,3.7,,,,
,0.007,-0.000,DrkN,,5.2,,,,
,-0.083,0.830,DrkN,,6.1,,,,
,0.091,-0.663,DrkN,,6.4,,,,
,0.236,-2.408,DrkN,,224.5,,,,
,-0.506,5.063,DrkN,,14.5,,,,
,0.422,-3.732,DrkN,,26.2,,,,
,-0.203,2.075,DrkN,,5.7,,,,
,0.000,-0.000,DrkN,,3.0,,,,
,-0.017,0.166,DrkN,,7.7,,,,
,0.101,-0.863,DrkN,,3.0,,,,
,0.085,-0.796,DrkN,,8.6,,,,
,-0.051,0.581,DrkN,,3.0,,,,
,-0.169,1.576,DrkN,,12.5,,,,
,0.034,-0.248,DrkN,,4.3,,,,
,0.135,-1.095,DrkN,,2.1,,,,
,-0.557,4.492,DrkN,,6.8,,,,
,0.574,-4.558,DrkN,,2.1,,,,
,-0.118,1.129,DrkN,,6.1,,,IC 1396 North,
,-1.132,7.060,DrkN,,13.7,,,,
,1.115,-6.861,DrkN,,3.7,,,,
,0.033,-0.249,DrkN,,8.3,,,,
,-0.447,3.480,DrkN,,6.8,,,,
,0.414,-3.148,DrkN,,5.2,,,,
,0.023,0.001,DrkN,,4.3,,,,
,0.010,0.001,DrkN,,8.3,,,,
,0.084,-0.663,DrkN,,13.7,,,,
,-0.033,0.415,DrkN,,7.4,,,,
,-0.077,1.247,DrkN,,14.5,,,,
,0.110,-0.829,DrkN,,3.7,,,,
,0.270,-2.490,DrkN,,33.7,,,,
,-0.355,3.986,DrkN,,109.8,,,,
,-0.034,0.416,DrkN,,15.7,,,,
,0.101,-0.663,DrkN,,7.4,,,,
,0.102,-0.913,DrkN,,9.1,,,,
,-0.000,0.000,DrkN,,9.1,,,,
,0.067,-0.497,DrkN,,8.3,,,,
,-0.253,2.323,DrkN,,33.2,,,,
,0.253,-2.156,DrkN,,6.8,,,,
,0.016,0.334,DrkN,,3.0,,,,
,0.017,-0.083,DrkN,,9.6,,,,
,-0.118,1.129,DrkN,,11.1,,,,
,-0.321,2.603,DrkN,,29.0,,,,
,0.000,0.000,DrkN,,29.0,,,,
,-0.845,4.625,DrkN,,24.1,,,,
,-0.000,-0.000,DrkN,,8.3,,,,
,1.284,-8.224,DrkN,,8.3,,,,
,0.304,-3.123,DrkN,,5.7,,,,
,-0.270,3.075,DrkN,,11.1,,,,
,-1.420,8.933,DrkN,,10.7,,,,
,1.437,-9.016,DrkN,,19.0,,,,
,0.270,-2.774,DrkN,,5.7,,,,
,-1.556,11.465,DrkN,,5.2,,,,
,1.606,-11.930,DrkN,,14.0,,,,
,-1.673,12.259,DrkN,,4.8,,,,
,0.084,-0.328,DrkN,,22.6,,,,
,1.370,-9.105,DrkN,,113.1,,,,
,-0.034,0.415,DrkN,,9.3,,,,
,0.253,-2.858,DrkN,,5.2,,,,
,-0.997,8.911,DrkN,,4.3,,,,
,1.014,-8.877,DrkN,,5.7,,,,
,-0.237,2.992,DrkN,,9.3,,,,
,0.009,-0.083,DrkN,,9.3,,,,
,-0.026,0.499,DrkN,,2.1,,,,
,-1.032,7.456,DrkN,,16.9,,,,
,-0.118,0.577,DrkN,,3.7,,,,
,1.175,-7.865,DrkN,,4.3,,,,
,-1.091,7.870,DrkN,,31.4,,,,
,-0.136,0.709,DrkN,,3.0,,,,
,0.153,-0.625,DrkN,,6.8,,,,
,0.033,0.001,DrkN,,5.2,,,,
,-0.034,0.499,DrkN,,36.7,,,,
,1.184,-7.451,DrkN,,8.3,,,,
,-0.711,5.973,DrkN,,45.2,,,,
,-0.204,1.541,DrkN,,4.8,,,,
,0.838,-5.933,DrkN,,4.8,,,,
,0.305,-3.290,DrkN,,3.0,,,,
,-0.009,0.216,DrkN,,179.1,,,,
,-0.745,6.891,DrkN,,6.1,,,,
,0.517,-4.231,DrkN,,4.3,,,,
,-0.517,4.314,DrkN,,20.3,,,,
,0.643,-5.477,DrkN,,23.8,,,,
,0.144,-1.662,DrkN,,5.2,,,,
,-0.262,3.042,DrkN,,4.8,,,,
,0.406,-4.872,DrkN,,25.8,,,,
,-0.355,4.490,DrkN,,42.7,,,,
,0.371,-4.489,DrkN,,46.6,,,,
,-0.135,1.879,DrkN,,4.3,,,,
,-0.279,3.275,DrkN,,4.3,,,,
,0.330,-3.823,DrkN,,5.7,,,,
,-0.321,3.824,DrkN,,3.0,,,,
,0.304,-3.325,DrkN,,6.4,,,,
,-0.102,2.164,DrkN,,8.8,,,,
,-0.000,0.000,DrkN,,11.5,,,,
,0.186,-2.328,DrkN,,6.4,,,,
,-0.017,0.499,DrkN,,15.7,,,,
,-1.017,9.132,DrkN,,32.8,,,,
,1.168,-9.795,DrkN,,9.6,,,,
,-0.372,4.741,DrkN,,6.4,,,,
,0.051,-0.416,DrkN,,4.3,,,,
,0.017,-0.082,DrkN,,8.6,,,,
,-0.017,0.249,DrkN,,107.0,,,,
,0.321,-2.825,DrkN,,20.9,,,,
,-0.288,3.993,DrkN,,19.5,,,,
,0.016,0.000,DrkN,,14.7,,,,
,0.017,0.001,DrkN,,9.1,,,,
,-0.017,0.332,DrkN,,22.6,,,,
,0.254,-2.660,DrkN,,7.1,,,,
,0.034,0.084,DrkN,,7.1,,,,
,0.016,0.034,DrkN,,8.0,,,,
,-0.271,3.210,DrkN,,5.2,,,,
,0.034,0.334,DrkN,,34.3,,,,
,0.305,-3.659,DrkN,,9.8,,,,
,-0.000,0.167,DrkN,,25.5,,,,
,-0.647,8.482,DrkN,,29.2,,,,
,0.815,-8.479,DrkN,,85.4,,,,
,-0.841,8.728,DrkN,,3.7,,,,
,0.875,-9.144,DrkN,,5.2,,,,
,-0.594,7.153,DrkN,,9.6,,,,
,0.610,-7.236,DrkN,,3.0,,,,
,-0.135,2.497,DrkN,,68.0,,,,
,0.118,-0.497,DrkN,,8.6,,,,
,0.135,-2.165,DrkN,,12.8,,,,
,-0.034,0.666,DrkN,,6.4,,,,
,0.000,0.050,DrkN,,6.1,,,,
,-2.184,15.209,DrkN,,19.9,,,,
,2.252,-15.541,DrkN,,4.3,,,,
,-0.000,0.033,DrkN,,3.0,,,,
,0.067,-0.749,DrkN,,7.7,,,,
,-0.017,0.500,DrkN,,4.3,,,,
,-0.012,0.567,DrkN,,2.1,,,,
,0.012,0.066,DrkN,,4.3,,,,
,-1.037,11.010,DrkN,,13.0,,,,
,0.630,-4.483,DrkN,,14.2,,,,
,0.498,-6.325,DrkN,,4.3,,,,
,0.162,-2.832,DrkN,,253.3,,,,
,-0.333,6.296,DrkN,,4.8,,,,
,-0.022,0.366,DrkN,,24.0,,,,
,-1.350,10.297,DrkN,,79.5,,,,
,0.685,-3.478,DrkN,,60.3,,,,
,-0.342,2.073,DrkN,,19.3,,,,
,1.243,-12.555,DrkN,,5.7,,,,
,0.119,-1.999,DrkN,,17.9,,,,
,-0.119,2.832,DrkN,,3.0,,,,
,-1.073,11.644,DrkN,,27.7,,,,
,1.191,-12.976,DrkN,,139.7,,,,
,0.202,-3.332,DrkN,,14.7,,,,
,-0.371,8.330,DrkN,,109.8,,,,
,-0.768,7.986,DrkN,,29.9,,,,
,1.156,-11.982,DrkN,,28.8,,,,
,0.185,-4.750,DrkN,,6.4,,,,
,0.000,0.250,DrkN,,26.4,,,,
,-0.050,1.750,DrkN,,2.1,,,,
,0.033,-0.500,DrkN,,27.2,,,,
,0.034,-0.366,DrkN,,11.5,,,,
,0.025,-0.050,DrkN,,6.8,,,,
,-0.602,14.662,DrkN,,12.7,,,,
,0.568,-9.329,DrkN,,4.3,,,,
,-0.500,9.330,DrkN,,11.7,,,,
,-0.000,0.000,DrkN,,17.4,,,,
,0.509,-9.430,DrkN,,3.0,,,,
,-0.085,3.433,DrkN,,21.6,,,,
,-23.714,-9.417,DrkN,,3.7,,,,
,23.799,8.417,DrkN,,107.9,,,,
,-23.950,-0.500,DrkN,,9.3,,,,
,23.983,0.667,DrkN,,26.9,,,,
,-23.983,-0.283,DrkN,,10.7,,,,
,0.017,-0.000,DrkN,,6.4,,,,
,0.000,0.116,DrkN,,6.8,,,,
,0.017,0.000,DrkN,,199.6,,,,
,-0.000,1.250,DrkN,,30.2,,,,
,23.916,2.417,DrkN,,12.1,,,,
,-23.849,-3.500,DrkN,,9.6,,,,
,0.101,-3.417,DrkN,,4.3,,,,
,0.017,-0.000,DrkN,,5.7,,,,
,0.034,-0.167,DrkN,,8.8,,,,
,0.033,-0.083,DrkN,,10.7,,,,
,0.034,-1.117,DrkN,,9.3,,,,
,-0.017,1.283,DrkN,,5.2,,,,
,0.050,-2.167,DrkN,,8.6,,,,
,0.017,-0.067,DrkN,,6.1,,,,
,-0.016,1.484,DrkN,,6.8,,,,
,0.050,-0.001,DrkN,,7.7,,,,
,0.168,-4.251,DrkN,,16.6,,,,
,0.017,4.500,DrkN,,9.8,,,,
,0.035,2.666,DrkN,,39.6,,,,
,20.890,22.287,DrkN,,7.4,,,,
,-20.824,-27.288,DrkN,,7.7,,,,
,0.005,0.917,DrkN,,4.3,,,,
,20.971,26.544,DrkN,,46.2,,,,
,-20.976,-25.461,DrkN,,7.1,,,,
,0.007,-0.833,DrkN,,3.0,,,,
,0.041,-9.834,DrkN,,11.5,,,,
,0.000,0.333,DrkN,,12.1,,,,
,-0.031,10.001,DrkN,,16.7,,,,
,0.008,-1.667,DrkN,,8.3,,,,
,0.027,-5.367,DrkN,,4.8,,,,
,-0.019,5.700,DrkN,,6.1,,,,
,-0.003,1.017,DrkN,,3.0,,,,
,0.003,-0.600,DrkN,,4.8,,,,
,-0.015,3.417,DrkN,,56.6,,,,
,0.001,4.500,DrkN,,135.4,,,,
,0.337,-2.006,DrkN,,110.8,,,,
,-0.003,-5.500,DrkN,,224.5,,,,
,0.035,3.000,DrkN,,102.2,,,,
,0.141,7.663,DrkN,,84.8,,,,
,-0.109,-10.664,DrkN,,44.5,,,,
,-0.001,-3.000,DrkN,,71.3,,,,
,10.292,25.458,DrkN,,87.2,,,,
,-10.173,-22.627,DrkN,,22.6,,,,
,0.033,-0.418,DrkN,,12.8,,,,
,0.017,-0.250,DrkN,,6.1,,,,
,0.051,1.665,DrkN,,36.0,,,,
,-0.017,-1.666,DrkN,,14.4,,,,
,0.064,0.415,DrkN,,3.0,,,,
1,0.003,-0.583,DrkN,,30.7,,,,
,2.866,24.370,DrkN,,46.2,,,,
,6.358,-1.390,DrkN,,89.8,,,,
,-9.207,-22.981,DrkN,,4.3,,,,
,0.016,0.167,DrkN,,10.5,,,,
,0.017,0.166,DrkN,,12.8,,,,
,0.060,1.498,DrkN,,3.7,,,,
,0.013,-0.000,DrkN,,3.7,,,,
,0.064,2.331,DrkN,,15.7,,,,
,0.069,1.832,DrkN,,83.7,,,,
,-0.052,-1.999,DrkN,,12.5,,,,
,0.017,-0.000,DrkN,,9.3,,,,
,0.033,-0.751,DrkN,,17.0,,,,
,0.066,-2.452,DrkN,,6.4,,,,
,0.726,13.423,DrkN,,5.7,,,,
,-0.710,-13.524,DrkN,,7.1,,,,
,0.138,4.129,DrkN,,53.1,,,,
,0.034,0.666,DrkN,,79.2,,,,
,-0.138,-4.829,DrkN,,7.4,,,,
,0.152,0.795,DrkN,,3.7,,,,
,-0.001,-0.200,DrkN,,3.7,,,,
,0.603,10.443,DrkN,,2.1,,,,
,-0.582,-10.261,DrkN,,3.0,,,,
1,0.005,-0.283,DrkN,,9.8,,,,
1,0.017,0.233,DrkN,,8.3,,,,
,-0.000,-0.017,DrkN,,8.3,,,,
,0.016,-0.301,DrkN,,14.4,,,,
,0.009,0.084,DrkN,,14.4,,,,
,0.255,3.823,DrkN,,73.5,,,,
,-0.073,-5.247,DrkN,,4.3,,,,
,0.020,-0.167,DrkN,,3.7,,,,
,0.408,6.566,DrkN,,8.8,,,,
,0.152,0.826,DrkN,,107.3,,,,
,-0.410,-6.482,DrkN,,8.6,,,,
,0.550,7.309,DrkN,,5.7,,,,
,-0.500,-7.311,DrkN,,19.0,,,,
,0.496,7.145,DrkN,,4.3,,,,
,0.051,0.497,DrkN,,5.2,,,,
,-0.496,-7.311,DrkN,,16.7,,,,
,0.016,-0.834,DrkN,,7.1,,,,
,0.025,0.416,DrkN,,7.1,,,,
,-0.008,-0.416,DrkN,,4.3,,,,
,-0.000,-0.167,DrkN,,7.1,,,,
,0.034,0.499,DrkN,,8.3,,,,
,-0.018,-0.750,DrkN,,20.6,,,,
,0.068,0.914,DrkN,,31.4,,,,
,-0.017,-0.416,DrkN,,8.6,,,,
,0.017,0.083,DrkN,,5.2,,,,
,0.017,-0.001,DrkN,,7.4,,,,
,-0.035,-0.915,DrkN,,12.7,,,,
,0.051,0.248,DrkN,,30.7,,,,
,0.051,0.664,DrkN,,11.1,,,,
,-0.000,-0.167,DrkN,,234.5,,,,
,-0.053,-2.831,DrkN,,7.1,,,,
,0.170,2.492,DrkN,,11.5,,,,
,-0.017,-0.332,DrkN,,9.3,,,,
,0.520,0.474,DrkN,,10.7,,,,
,-0.002,-0.684,DrkN,,2.1,,,,
,0.010,0.016,DrkN,,3.0,,,,
,0.003,-0.200,DrkN,,2.1,,,,
,0.013,0.066,DrkN,,5.2,,,,
,0.009,-0.150,DrkN,,6.8,,,,
,0.016,0.032,DrkN,,3.7,,,,
,0.034,-0.085,DrkN,,17.7,,,,
,0.016,-0.201,DrkN,,4.3,,,,
,0.020,-0.134,DrkN,,6.1,,,,
,0.571,-3.617,DrkN,,11.3,,,,
,0.110,0.743,DrkN,,5.7,,,,
,0.025,0.098,DrkN,,3.0,,,,
,0.073,-1.771,DrkN,,66.1,,,,
,-0.185,-1.989,DrkN,,79.2,,,,
,0.269,1.983,DrkN,,12.5,,,,
,-0.017,-0.332,DrkN,,9.1,,,,
,0.067,0.496,DrkN,,29.0,,,,
,-0.051,-1.164,DrkN,,81.8,,,,
,0.118,0.993,DrkN,,17.9,,,,
,-0.000,-0.250,DrkN,,9.1,,,,
,-0.034,-0.415,DrkN,,47.4,,,,
,0.084,0.661,DrkN,,27.3,,,,
,0.017,-0.167,DrkN,,7.1,,,,
,0.050,0.263,DrkN,,8.8,,,,
,-0.067,-0.596,DrkN,,28.1,,,,
,0.075,0.579,DrkN,,3.7,,,,
,0.026,0.081,DrkN,,10.7,,,,
,0.066,-0.004,DrkN,,28.1,,,,
,0.067,0.129,DrkN,,4.8,,,,
,-0.134,-1.125,DrkN,,24.4,,,,
,0.033,0.248,DrkN,,26.7,,,,
,0.068,0.412,DrkN,,6.4,,,,
,-0.000,-0.083,DrkN,,3.7,,,,
,-0.001,-0.417,DrkN,,6.4,,,,
,0.017,-0.001,DrkN,,3.0,,,,
1,-0.051,-0.996,DrkN,,30.4,,,,
,0.134,0.990,DrkN,,17.1,,,,
,-0.033,-0.331,DrkN,,5.7,,,,
,0.016,-0.167,DrkN,,4.8,,,,
,-0.118,-1.326,DrkN,,109.2,,,,
,0.286,2.147,DrkN,,19.0,,,,
,-0.303,-2.479,DrkN,,3.0,,,,
,-0.000,-0.250,DrkN,,6.4,,,,
,0.269,2.065,DrkN,,72.0,,,,
,-0.067,-0.745,DrkN,,2.1,,,,
,-0.001,-0.084,DrkN,,5.2,,,,
,0.017,-0.167,DrkN,,20.6,,,,
,0.017,-0.002,DrkN,,9.3,,,,
,-0.051,-0.413,DrkN,,4.8,,,,
,0.000,-0.083,DrkN,,4.8,,,,
,0.067,-0.505,DrkN,,12.1,,,,
,0.016,0.049,DrkN,,6.4,,,,
,-0.016,-0.132,DrkN,,6.8,,,,
,0.066,0.079,DrkN,,9.3,,,,
,-0.016,-0.166,DrkN,,9.3,,,,
,-1.245,-14.253,DrkN,,56.8,,,,
,1.244,13.920,DrkN,,25.8,,,,
,0.051,0.163,DrkN,,37.8,,,,
,0.090,0.327,DrkN,,3.7,,,,
,-0.057,-0.496,DrkN,,28.0,,,,
,0.084,0.494,DrkN,,7.4,,,,
,-1.051,-10.597,DrkN,,11.1,,,,
,0.037,0.081,DrkN,,11.1,,,,
,-0.163,-2.573,DrkN,,38.1,,,,
,0.168,1.823,DrkN,,87.0,,,,
,0.554,6.131,DrkN,,49.7,,,,
,-0.025,-0.332,DrkN,,19.6,,,,
,-0.765,-9.451,DrkN,,36.7,,,,
,0.286,3.649,DrkN,,54.7,,,,
,-0.622,-10.129,DrkN,,15.6,,,,
,0.453,6.973,DrkN,,102.7,,,,
,-0.395,-6.310,DrkN,,6.4,,,,
,-0.059,-1.163,DrkN,,25.3,,,,
,0.034,0.498,DrkN,,87.2,,,,
,-0.534,-10.388,DrkN,,17.4,,,,
,0.013,-0.084,DrkN,,62.8,,,,
,0.521,9.972,DrkN,,10.7,,,,
,0.453,6.973,DrkN,,14.2,,,,
,-0.990,-17.611,DrkN,,34.7,,,,
,0.033,0.665,DrkN,,16.0,,,,
,1.176,19.432,DrkN,,211.2,,,,
,1.593,12.723,DrkN,,28.8,,,,
,-1.035,-7.427,DrkN,,15.1,,,,
,-0.693,-7.954,DrkN,,11.7,,,,
,0.016,-0.085,DrkN,,11.1,,,,
,-0.010,-0.216,DrkN,,4.3,,,,
,0.867,9.326,DrkN,,18.8,,,,
,0.922,6.185,DrkN,,23.8,,,,
,0.017,-0.002,DrkN,,11.5,,,,
,-2.148,-20.771,DrkN,,23.5,,,,
,0.382,5.227,DrkN,,5.2,,,,
,-0.332,-4.813,DrkN,,43.0,,,,
,0.080,1.078,DrkN,,21.1,,,,
,-0.114,-1.743,DrkN,,128.1,,,,
,0.504,6.969,DrkN,,26.0,,,,
,0.621,5.958,DrkN,,145.8,,,,
,0.251,0.983,DrkN,,41.1,,,,
,-0.001,-0.500,DrkN,,22.0,,,,
,0.000,-0.500,DrkN,,35.7,,,,
,-0.671,-6.954,DrkN,,142.7,,,,
,0.251,2.483,DrkN,,83.7,,,,
,0.453,3.969,DrkN,,21.1,,,,
,-0.437,-5.304,DrkN,,50.3,,,,
,-0.184,-2.654,DrkN,,24.4,,,,
,0.117,0.826,DrkN,,31.5,,,,
,-0.537,-7.299,DrkN,,45.2,,,,
,0.570,6.546,DrkN,,38.1,,,,
,-0.487,-6.551,DrkN,,46.9,,,,
,0.520,5.799,DrkN,,65.6,,,,
,0.234,1.767,DrkN,,51.0,,,,
,-0.810,-10.229,DrkN,,11.1,,,,
,0.788,9.198,DrkN,,18.5,,,,
,-0.790,-9.381,DrkN,,4.3,,,,
,0.745,8.800,DrkN,,75.7,,,,
,0.083,0.578,DrkN,,46.1,,,,
,-0.001,-0.450,DrkN,,7.1,,,,
,-0.603,-7.593,DrkN,,109.2,,,,
,0.419,4.472,DrkN,,57.0,,,,
,-0.268,-3.482,DrkN,,57.6,,,,
,-0.268,-3.649,DrkN,,23.3,,,,
,-0.009,-0.166,DrkN,,18.2,,,,
,0.377,4.642,DrkN,,66.7,,,,
,-0.302,-4.313,DrkN,,74.2,,,,
,0.805,8.945,DrkN,,47.1,,,,
,-0.382,-4.140,DrkN,,6.1,,,,
,0.013,-0.001,DrkN,,39.2,,,,
,0.117,1.159,DrkN,,69.4,,,,
,-0.469,-5.802,DrkN,,39.1,,,,
,0.385,4.474,DrkN,,20.3,,,,
,-0.033,-0.664,DrkN,,29.0,,,,
,0.884,8.187,DrkN,,22.2,,,,
,-0.298,-2.478,DrkN,,34.0,,,,
,-0.938,-10.019,DrkN,,37.1,,,,
,0.729,8.000,DrkN,,8.6,,,,
,-0.193,-1.953,DrkN,,16.2,,,,
,-0.159,-1.739,DrkN,,15.1,,,,
,0.176,1.821,DrkN,,26.0,,,,
,0.502,4.131,DrkN,,160.5,,,,
,-0.469,-4.467,DrkN,,15.3,,,,
,0.737,6.448,DrkN,,145.2,,,,
,-0.729,-6.448,DrkN,,17.0,,,,
,-0.192,-2.153,DrkN,,42.7,,,,
,-0.185,-2.321,DrkN,,137.1,,,,
,0.570,5.960,DrkN,,9.1,,,,
,-0.017,-0.332,DrkN,,8.8,,,,
,-0.637,-7.123,DrkN,,38.5,,,,
,1.233,11.714,DrkN,,5.2,,,,
,-0.223,-1.801,DrkN,,3.7,,,,
,-0.826,-8.258,DrkN,,6.8,,,,
,-0.033,-0.498,DrkN,,95.7,,,,
,-0.084,-1.328,DrkN,,32.0,,,Kutner's Cloud,
,0.854,8.607,DrkN,,14.4,,,,
,-0.854,-8.723,DrkN,,8.0,,,,
,0.134,1.440,DrkN,,22.7,,,,
,-0.064,-0.845,DrkN,,7.1,,,,
,0.064,0.679,DrkN,,63.1,,,,
,-0.076,-1.695,DrkN,,22.6,,,LDN 1535 IRS,
,-0.042,-0.797,DrkN,,82.9,,,,
,0.301,3.312,DrkN,,41.8,,,,
,-0.083,-1.327,DrkN,,117.3,,,,
,0.167,1.488,DrkN,,101.1,,,,
,0.083,-0.422,DrkN,,36.0,,,,
,-0.285,-3.397,DrkN,,40.2,,,,
,0.285,2.814,DrkN,,53.6,,,,
,-0.561,-6.712,DrkN,,20.3,,,,
,0.611,6.375,DrkN,,22.4,,,,
,0.187,1.486,DrkN,,15.4,,,,
,-0.773,-8.279,DrkN,,41.2,,,,
,0.786,7.945,DrkN,,15.0,,,,
,0.000,-0.167,DrkN,,16.7,,,,
,0.017,-0.001,DrkN,,19.0,,,,
,0.719,5.948,DrkN,,13.7,,,,
,-1.481,-14.061,DrkN,,14.0,,,,
,0.772,7.946,DrkN,,6.4,,,,
,0.023,0.165,DrkN,,20.0,,,,
,0.015,-0.001,DrkN,,4.8,,,,
,0.688,5.617,DrkN,,20.3,,,,
,-1.398,-14.901,DrkN,,15.1,,,,
,1.480,13.061,DrkN,,69.0,,,,
,-1.338,-12.904,DrkN,,57.2,,,,
,0.669,5.953,DrkN,,78.7,,,,
,0.785,4.943,DrkN,,102.7,,,,
,-1.372,-15.702,DrkN,,35.4,,,,
,0.184,1.788,DrkN,,26.4,,,,
,-0.001,-0.250,DrkN,,15.4,,,,
,1.271,9.408,DrkN,,12.3,,,,
,0.050,0.080,DrkN,,34.0,,,,
,-0.000,-0.167,DrkN,,0.0,,,,
,0.025,0.165,DrkN,,0.0,,,,
,0.008,-0.334,DrkN,,0.0,,,,
,-2.366,-22.335,DrkN,,53.8,,,,
,2.098,18.688,DrkN,,9.6,,,,
,-0.937,-8.766,DrkN,,31.2,,,,
,0.000,-0.000,DrkN,,19.0,,,,
,0.335,2.976,DrkN,,69.0,,,,
,0.615,4.955,DrkN,,10.0,,,,
1,0.010,-0.334,DrkN,,15.0,,,,
,-0.642,-5.620,DrkN,,43.5,,,,
,0.643,5.453,DrkN,,15.0,,,,
,-0.476,-4.215,DrkN,,38.1,,,,
,-0.100,-0.909,DrkN,,31.9,,,,
,-0.074,-0.662,DrkN,,2.1,,,,
,0.040,0.331,DrkN,,7.1,,,,
,-0.050,-0.497,DrkN,,16.2,,,,
,0.047,0.247,DrkN,,8.0,,,,
,0.153,1.072,DrkN,,16.4,,,,
,0.418,2.637,DrkN,,183.0,,,,
,0.033,-0.003,DrkN,,183.0,,,,
,-0.786,-7.610,DrkN,,27.0,,,,
,-0.040,-0.997,DrkN,,11.1,,,,
,0.040,-0.003,DrkN,,62.4,,,,
,0.819,6.274,DrkN,,17.7,,,,
2,-0.418,-4.636,DrkN,,16.4,,,,
,-0.285,-2.479,DrkN,,70.0,,,,
,0.301,2.478,DrkN,,13.7,,,,
,0.075,-0.339,DrkN,,12.1,,,,
,0.037,-0.336,DrkN,,18.2,,,,
,-0.046,-0.830,DrkN,,28.8,,,,
,0.686,5.450,DrkN,,42.6,,,,
,-0.017,-0.582,DrkN,,17.4,,,,
,-0.752,-6.362,DrkN,,41.6,,,,
1,0.735,5.613,DrkN,,6.1,,,,
,0.066,-1.004,DrkN,,75.7,,,,
,-0.050,-0.413,DrkN,,14.0,,,,
,0.017,0.082,DrkN,,8.3,,,,
,0.100,0.492,DrkN,,14.4,,,,
,-0.009,-0.332,DrkN,,8.6,,,,
,0.029,-0.002,DrkN,,9.3,,,,
,-0.622,-5.455,DrkN,,32.7,,,,
,0.033,-0.336,DrkN,,19.0,,,,
,0.635,4.787,DrkN,,0.0,,,,
,-1.086,-10.088,DrkN,,4.3,,,,
,-0.501,-2.797,DrkN,,19.6,,,,
,0.016,-0.001,DrkN,,8.6,,,,
,0.802,6.442,DrkN,,188.5,,,,
,0.184,1.320,DrkN,,28.1,,,,
,-0.017,-0.165,DrkN,,13.2,,,,
,-0.468,-4.300,DrkN,,7.4,,,,
,0.308,2.478,DrkN,,11.1,,,,
,-0.007,-0.333,DrkN,,23.6,,,,
,0.217,1.484,DrkN,,24.5,,,,
,-0.167,-1.488,DrkN,,0.0,,,,
,0.501,3.964,DrkN,,298.2,,,,
,0.284,1.980,DrkN,,73.2,,,,
,-0.969,-7.930,DrkN,,17.0,,,,
,0.434,2.968,DrkN,,124.1,,,,
,-0.050,-0.496,DrkN,,73.5,,,,
,-0.401,-3.471,DrkN,,165.6,,,,
,0.977,7.346,DrkN,,10.3,,,,
,-0.743,-5.863,DrkN,,103.8,,,,
,0.418,2.970,DrkN,,22.0,,,,
,-1.103,-9.254,DrkN,,47.5,,,RNO 40 FIR,
,0.377,2.640,DrkN,,6.1,,,,
,0.005,-0.017,DrkN,,3.7,,,,
,1.037,7.108,DrkN,,66.5,,,,
,-0.768,-6.444,DrkN,,104.7,,,,
,0.902,6.934,DrkN,,66.7,,,,
,-1.303,-10.239,DrkN,,9.1,,,,
,0.066,-1.171,DrkN,,169.5,,,,
,-1.036,-7.261,DrkN,,41.3,,,,
,1.520,9.559,DrkN,,62.2,,,,
,0.020,-0.835,DrkN,,5.7,,,,
,-0.012,-0.166,DrkN,,15.4,,,,
,0.008,-0.334,DrkN,,120.0,,,,
,-0.418,-3.969,DrkN,,139.2,,,,
,0.167,0.821,DrkN,,92.1,,,,
,1.095,5.204,DrkN,,4.8,,,,
,0.023,-0.951,DrkN,,8.6,,,,
,-0.618,-4.956,DrkN,,34.2,,,,
,0.066,-0.172,DrkN,,72.9,,,,
,0.525,2.096,DrkN,,7.4,,,,
,0.026,0.198,DrkN,,15.1,,,,
,-0.047,-0.496,DrkN,,8.0,,,,
,-0.001,-0.167,DrkN,,18.8,,,,
,0.131,-2.009,DrkN,,70.4,,,,
,0.166,-0.678,DrkN,,0.0,,,,
,0.054,-12.254,DrkN,,14.4,,,,
,0.042,-0.586,DrkN,,14.7,,,,
,0.033,-0.169,DrkN,,41.5,,,,
,0.101,0.493,DrkN,,24.2,,,,
,0.066,0.495,DrkN,,44.3,,,,
,-0.134,-1.491,DrkN,,26.6,,,,
,0.184,0.988,DrkN,,28.8,,,,
,0.017,-0.501,DrkN,,11.1,,,,
,-0.184,-1.655,DrkN,,43.8,,,,
,0.199,0.870,DrkN,,9.6,,,,
,0.316,-4.737,DrkN,,52.2,,,,
,0.142,-2.009,DrkN,,13.2,,,,
,0.024,-0.501,DrkN,,25.5,,,,
,8.253,4.026,DrkN,,58.2,,,,
,0.150,-1.324,DrkN,,18.8,,,,
,-0.005,0.667,DrkN,,6.4,,,,
,-0.196,2.653,DrkN,,71.0,,,,
,0.050,0.004,DrkN,,114.5,,,,
,0.536,-5.964,DrkN,,215.8,,,,
,-0.620,7.458,DrkN,,25.2,,,,
,0.779,-8.280,DrkN,,7.1,,,,
,-0.696,8.786,DrkN,,114.5,,,,
,0.101,-0.660,DrkN,,30.7,,,,
,0.686,-7.320,DrkN,,10.3,,,,
,-0.653,6.989,DrkN,,105.5,,,,
,0.034,-0.331,DrkN,,19.6,,,,
,0.636,-6.706,DrkN,,4.3,,,,
,-0.724,7.816,DrkN,,8.6,,,,
,-0.047,0.714,DrkN,,120.5,,,,
,0.051,-0.497,DrkN,,59.0,,,OPHIUCUS,
,0.100,-0.976,DrkN,,5.7,,,,
,-0.087,1.044,DrkN,,9.6,,,,
,0.807,-8.511,DrkN,,67.3,,,,
,-0.812,8.611,DrkN,,5.7,,,,
,0.779,-8.280,DrkN,,8.0,,,,
,-0.050,0.496,DrkN,,49.2,,,,
,-0.118,1.159,DrkN,,49.8,,,,
,-0.573,6.244,DrkN,,12.8,,,,
,0.741,-7.816,DrkN,,11.1,,,,
,0.033,-0.081,DrkN,,13.2,,,,
,0.005,0.034,DrkN,,12.5,,,,
,-0.055,0.630,DrkN,,49.5,,,,
,0.067,-0.546,DrkN,,5.2,,,,
,-0.000,0.300,DrkN,,16.4,,,,
,0.041,-0.297,DrkN,,6.1,,,,
,-0.798,8.328,DrkN,,6.8,,,,
,0.824,-8.359,DrkN,,12.5,,,,
,-0.134,1.240,DrkN,,66.0,,,,
,0.016,-0.082,DrkN,,11.5,,,,
,-0.050,0.580,DrkN,,14.7,,,,
,-0.620,6.624,DrkN,,21.3,,,,
,0.796,-8.178,DrkN,,22.0,,,,
,-0.159,1.722,DrkN,,14.0,,,,
,-0.553,5.795,DrkN,,84.6,,,,
,0.553,-5.762,DrkN,,5.7,,,,
,0.016,-0.115,DrkN,,5.2,,,,
,0.000,0.083,DrkN,,3.7,,,,
,-0.033,0.497,DrkN,,33.9,,,,
,-0.855,9.609,DrkN,,40.5,,,,
,0.938,-10.119,DrkN,,4.8,,,,
,-0.921,10.120,DrkN,,52.9,,,,
,0.938,-10.102,DrkN,,20.6,,,,
,-1.005,11.097,DrkN,,36.3,,,,
,1.005,-10.931,DrkN,,188.8,,,,
,0.251,-2.148,DrkN,,4.8,,,,
,0.008,-0.016,DrkN,,3.0,,,,
,-0.209,1.835,DrkN,,12.1,,,,
,-0.117,1.158,DrkN,,20.6,,,,
,-0.000,-0.000,DrkN,,3.0,,,,
,-0.017,0.199,DrkN,,9.6,,,,
,-0.469,4.934,DrkN,,64.2,,,,
,0.837,-8.108,DrkN,,87.8,,,,
,-0.452,4.134,DrkN,,77.8,,,,
,0.385,-3.472,DrkN,,64.7,,,,
,-0.279,2.530,DrkN,,9.1,,,,
,0.333,-2.860,DrkN,,5.2,,,,
,-0.005,0.150,DrkN,,3.0,,,,
,-0.367,3.324,DrkN,,13.2,,,,
,0.017,-0.082,DrkN,,29.7,,,,
,0.363,-3.241,DrkN,,3.7,,,,
,-0.966,9.699,DrkN,,20.6,,,,
,0.020,-0.199,DrkN,,19.6,,,,
,0.767,-7.830,DrkN,,283.7,,,,
,-0.167,1.655,DrkN,,12.5,,,,
,-0.001,0.333,DrkN,,48.3,,,,
,-0.536,5.796,DrkN,,21.3,,,,
,0.151,-1.656,DrkN,,34.2,,,,
,0.368,-3.474,DrkN,,37.5,,,,
,-0.334,3.560,DrkN,,35.8,,,,
,-0.034,0.414,DrkN,,25.2,,,,
,0.569,-5.626,DrkN,,23.2,,,,
,-0.519,5.130,DrkN,,35.8,,,,
,0.653,-6.121,DrkN,,75.1,,,,
,-1.021,10.429,DrkN,,90.3,,,,
,1.406,-13.401,DrkN,,76.3,,,,
,-0.368,2.973,DrkN,,38.4,,,,
,-0.804,8.110,DrkN,,55.0,,,,
,0.536,-5.462,DrkN,,36.1,,,,
,-0.737,7.782,DrkN,,16.7,,,,
,1.389,-13.068,DrkN,,6.8,,,,
,-1.052,9.591,DrkN,,11.1,,,,
,1.136,-9.919,DrkN,,15.7,,,,
,-1.071,9.424,DrkN,,42.9,,,,
,1.104,-9.588,DrkN,,10.3,,,,
,-1.104,9.754,DrkN,,42.9,,,,
,0.535,-5.128,DrkN,,99.5,,,,
,-0.719,7.282,DrkN,,19.0,,,,
,1.221,-11.079,DrkN,,20.3,,,,
,-0.661,5.585,DrkN,,5.7,,,,
,0.025,-0.115,DrkN,,7.7,,,,
,0.368,-3.156,DrkN,,239.4,,,,
,-1.155,11.418,DrkN,,61.0,,,,
,1.523,-14.058,DrkN,,23.0,,,Parrot's Head,
,-0.741,6.029,DrkN,,8.6,,,,
,0.022,-0.165,DrkN,,12.8,,,,
,0.025,-0.215,DrkN,,11.5,,,,
,-0.427,4.187,DrkN,,6.1,,,,
,0.603,-5.707,DrkN,,106.0,,,,
,-0.603,5.790,DrkN,,15.1,,,,
,-1.285,15.583,DrkN,,19.9,,,,
,1.319,-15.747,DrkN,,20.3,,,,
,-1.306,15.748,DrkN,,30.0,,,,
,0.787,-9.950,DrkN,,73.9,,,,
,0.234,-2.651,DrkN,,14.7,,,,
,1.272,-11.743,DrkN,,19.0,,,,
,-0.974,8.597,DrkN,,11.1,,,,
,0.003,-0.000,DrkN,,11.1,,,,
,1.111,-9.470,DrkN,,7.1,,,,
,-1.111,9.637,DrkN,,20.3,,,,
,0.887,-7.937,DrkN,,19.6,,,,
,0.251,-1.815,DrkN,,59.3,,,,
,-0.954,7.931,DrkN,,70.4,,,,
,-0.191,1.970,DrkN,,8.8,,,,
1,0.434,-3.952,DrkN,,70.4,,,,
,0.013,-0.099,DrkN,,5.2,,,,
,0.472,-3.866,DrkN,,19.6,,,,
,-1.213,11.413,DrkN,,39.7,,,,
,0.334,-3.476,DrkN,,26.1,,,,
,1.038,-8.926,DrkN,,9.1,,,,
,-1.289,11.825,DrkN,,8.8,,,,
,0.243,-2.567,DrkN,,8.3,,,,
,0.812,-7.275,DrkN,,112.7,,,,
,-0.799,7.293,DrkN,,8.6,,,,